100	2	477.75	3.464101615	3.464101615	10
50	4.25	975.4968438	1.477097892	1.596796147	10001
100	3.214285714	3747.113679	1.022928242	0.984565484	15577
100	3.153846154	4906.374	0.831079973	0.858072552	22042
100	4	132.1	3.464101615	3.464101615	22227
100	3.571428571	6941.216071	1.359362505	1.316083092	26725
100	4	315.2	3.464101615	3.464101615	27653
100	7	155.71	3.464101615	3.464101615	27776
100	3.571428571	4468.857095	1.146099297	1.187632637	27797
100	5.1	1991.43397	0.692820323	0.87260025	32668
100	2	131.62	2.335496832	2.335496832	32669
100	2.333333333	879.8995833	0.852802865	0.831079973	32670
100	3.555555556	1104.602222	0.828775414	1.846372365	32671
100	7.5	273.44	1.477097892	1.477097892	32672
100	2	342.1933333	1.235828761	1.235828761	32673
100	2.2	1072.40381	0.844231765	0.923186182	32674
100	2	335.75	1.235828761	1.235828761	32675
100	2	474.8503333	1.348399725	1.359362505	32676
100	3.125	530.433	0.977008421	1.154700538	32677
100	4.666666667	198.016	1.809068067	1.809068067	32678
100	3.071428571	1897.398161	1.309307341	2.006722708	32680
93.33333333	2.428571429	1173.094702	1.137780934	1.221079406	32681
100	3.2	338.07	1.604539016	1.604539016	32682
100	2.5	111.0475	2.335496832	2.335496832	32683
100	2	204.23	1.809068067	1.809068067	32684
100	2.666666667	200.86	1.809068067	1.809068067	32685
100	3	335.75	1.235828761	1.235828761	32686
100	2	269.6425	1.477097892	1.477097892	32687
90.90909091	2	756.1297986	1.270363803	1.270363803	32688
100	2.75	274.7885714	1.954016842	1.954016842	32689
100	4	468.535	1.146099297	1.146099297	32690
100	2	332.32	1.235828761	1.235828761	32691
100	2.181818182	821.7966234	0.729335916	0.852802865	32692
96.15384615	2.2	2146.893906	0.432663169	0.461593091	32693
100	2.2	343.795	1.604539016	1.604539016	32694
100	2.55	19186.4919	0.643852044	0.570348866	32740
100	4.25	541.115	1.331438047	1.331438047	33260
100	2.833333333	3309.18125	1.044465936	1.049097736	35150
100	2.714285714	1883.14375	0.88273483	1.032701664	35909
100	3	1373.93	3.464101615	3.464101615	37584
100	13	67.075	3.464101615	3.464101615	50201
88.88888889	3.111111111	1119.887407	1.287076399	1.60963011	61234
100	2	78.1475	3.464101615	3.464101615	62066
100	2.5	947.3127083	1.477097892	1.496634201	64593
100	2.5	488.461875	1.477097892	1.543434236	64594
100	3.166666667	1377.48	1.59544807	1.59544807	65443
100	2	505.8375	1.477097892	1.543434236	66001
100	2.727272727	3354.087705	0.607985923	0.874060671	67887
100	2.8	1042.545833	1.604539016	1.644591115	68666
100	3.428571429	4261.353214	0.95540645	1.005229005	68682
100	6	2149.6895	2.335496832	2.662876094	68743
100	3.5	224.415	2.335496832	2.486326242	68920
100	2	60.5725	3.464101615	3.464101615	69715
100	3	758.2083333	1.477097892	1.604539016	70049
100	4	81.33	3.464101615	3.464101615	70413
100	3.375	3150.369605	0.738548946	0.958155766	70925
100	4.34375	12818.89497	0.433012702	0.518863996	71043
100	2.733333333	2883.9912	0.692820323	0.710669055	71248
100	2	455.0611111	1.809068067	1.903107507	71511
100	3.333333333	957.7105556	1.809068067	1.970694386	72470
100	2	108.065	3.464101615	3.464101615	72519
100	4	50.59666667	3.464101615	3.464101615	72758
100	2.8125	4207.20901	0.665719023	0.685788949	72777
100	2.428571429	433.3861099	1.146099297	1.167748416	72824
100	2	88.175	3.464101615	3.464101615	72861
100	2.8	268.4125	1.235828761	1.235828761	72930
100	2	101.303	2.335496832	2.335496832	73038
100	2	851.015	2.335496832	2.335496832	73083
100	2.909090909	5342.261645	0.729335916	0.876444477	73117
100	2.5	157.86625	2.335496832	2.486326242	73253
100	5	194.4166667	3.464101615	3.464101615	73325
100	4	58.79	3.464101615	3.464101615	73423
100	4.25	268.6288462	1.477097892	1.604539016	73458
100	2	271.8	2.335496832	2.662876094	73516
100	2	207.83	1.809068067	1.954016842	73866
100	3	199.4475	2.335496832	2.486326242	73912
100	2	134.245	3.464101615	3.464101615	74074
100	2.4	332.313159	1.235828761	1.348399725	74075
100	2	202.853	2.335496832	2.335496832	74135
100	4	53.294	3.464101615	3.464101615	74225
100	3	108.9225	2.335496832	2.335496832	74271
100	2	192.6325	3.464101615	3.464101615	74792
100	3	168.81375	2.335496832	2.486326242	75012
100	2.571428571	723.3410714	1.359362505	1.411639923	75227
100	4	58.5515	3.464101615	3.464101615	75273
100	4	53.24	3.464101615	3.464101615	75371
100	3	235.631342	1.809068067	1.954016842	75381
100	4.4	292.6201732	1.604539016	1.604539016	75383
100	2	116.04	3.464101615	3.464101615	75458
100	2	612.1047778	1.005037815	1.12815215	75611
100	4.333333333	473.8897297	1.809068067	1.809068067	75770
100	3.769230769	1632.555385	0.919573772	1.066003582	75812
100	4.166666667	607.2	1.348399725	1.348399725	76028
100	3	496.8932653	3.464101615	3.464101615	76088
100	2	62.2025	3.464101615	3.464101615	76131
100	7.666666667	235.782042	3.464101615	3.464101615	76370
100	2.526315789	1429.876561	0.568633666	0.641773979	76438
100	3	57.325	3.464101615	3.464101615	76545
100	2	55.38583333	3.464101615	3.464101615	76568
100	2	115.814	2.335496832	2.335496832	76788
100	3	105.4635	2.335496832	2.335496832	76810
100	6	56.7	3.464101615	3.464101615	77283
100	14	881.35	2.335496832	2.335496832	77425
100	5	771.68	3.464101615	3.464101615	77567
100	4	47.375	3.464101615	3.464101615	77610
100	8	496.8932653	3.464101615	3.464101615	77614
100	14	686.1493333	3.464101615	3.464101615	78027
100	4	47.375	3.464101615	3.464101615	78076
100	3	200.36	2.335496832	2.335496832	78128
100	4.333333333	300.27	1.809068067	1.954016842	78135
96.2962963	5.037037037	19371.99886	0.335012605	0.542260971	78151
100	2	54.088	3.464101615	3.464101615	78154
100	3	173.61875	2.335496832	2.486326242	78181
100	3.666666667	324.5633333	1.809068067	1.809068067	78340
100	2.333333333	458.3414144	1.809068067	1.809068067	78384
100	2	59.00850649	3.464101615	3.464101615	78415
100	3	455.6764286	2.335496832	2.733998441	78593
100	14	141.7138235	2.486326242	2.486326242	78777
50	7.166666667	5044.022063	1.59544807	1.981507292	79093
100	3.142857143	487.8987245	1.146099297	1.287076399	79223
100	2	109.4	3.464101615	3.464101615	79377
100	2.5	375.46875	1.477097892	1.604539016	79378
100	2	107.3605	2.335496832	2.335496832	79385
100	14	519.3734857	1.235828761	1.352849901	79393
100	6.333333333	478.5068975	1.348399725	1.732050808	79501
100	2	55.58571429	3.464101615	3.464101615	79673
100	4	49.41	3.464101615	3.464101615	79886
100	2	113.72	3.464101615	3.464101615	79966
100	4	51.83	3.464101615	3.464101615	79984
100	14	47.23794118	3.464101615	3.464101615	80036
100	4.5	255.1	2.335496832	2.390891808	80128
66.66666667	2	194.32	1.809068067	1.809068067	80317
100	4	44.05	3.464101615	3.464101615	80320
100	2.5	110.2075758	2.335496832	2.335496832	80381
100	3.3	1557.374667	1.001816532	1.684150717	80411
100	4.5	197.3208333	2.335496832	2.335496832	80470
100	2.888888889	546.1053704	0.603022689	0.692820323	80517
100	2.818181818	6267.555	0.865048867	1.064523202	80556
100	3	232.5113333	1.477097892	1.477097892	80575
100	2	461.0222917	3.464101615	3.464101615	80609
100	2.363636364	1213.528	0.561740346	0.561740346	80789
100	2	101.92	3.464101615	3.464101615	80804
100	3.75	2198.42975	0.977008421	1.291479329	80874
100	7.6	1808.524714	1.604539016	1.847739542	80875
100	14	275.14	3.464101615	3.464101615	80889
100	2.666666667	240.9718519	1.809068067	1.954016842	80890
100	2	51.18833333	3.464101615	3.464101615	80905
100	5.833333333	1490.845833	1.348399725	1.380382029	81023
100	4.5	1363.145	1.12492424	1.137780934	81051
100	2.545454545	786.3465455	1.182136003	1.252270665	81125
100	2.8	464.9229	1.235828761	1.287076399	81129
100	3.333333333	156.913	1.809068067	1.809068067	81163
93.93939394	6.090909091	4355.175758	0.441974941	0.509009734	81234
100	3.4	307.3838	1.235828761	1.348399725	81253
100	5	56.36642857	3.464101615	3.464101615	81296
100	2	54.2575	3.464101615	3.464101615	81331
100	4	54.53166667	3.464101615	3.464101615	81337
100	5.571428571	581.6644388	1.543434236	1.543434236	81517
100	3	103.5191667	2.335496832	2.335496832	81523
100	3	113.8233333	2.335496832	2.335496832	81526
100	3.7	2766.7152	1.684150717	1.675063025	81582
100	2	68.9525	3.464101615	3.464101615	81585
100	2.2	967.0743636	0.467099366	0.559737502	81706
100	2	260.8	1.809068067	1.954016842	81761
100	2.75	836.1622917	2.056033251	2.111235548	81821
100	3	95.207	2.335496832	2.335496832	81829
100	14	2622.395417	1.954016842	2.051918162	81856
100	2.75	22802.24889	0.639602149	0.969762276	81904
100	3.095238095	48790.41651	0.551604171	0.561740346	81916
100	4	650.4588889	3.464101615	3.464101615	81917
100	5	74.03891437	3.464101615	3.464101615	81976
100	2	137.66	3.464101615	3.464101615	82017
95.23809524	4.714285714	1291.409958	0.736032588	0.692820323	82050
100	2	49.837	3.464101615	3.464101615	82127
100	11.33333333	176.95	2.486326242	2.486326242	82212
100	6.76	11024.66419	0.558960073	0.736929765	82278
100	2	67.615	3.464101615	3.464101615	82372
100	2.5	237.9083333	1.954016842	1.954016842	82374
100	2	393.3294167	1.477097892	1.543434236	82383
100	2	116.9036667	2.335496832	2.335496832	82384
100	14	886.4516923	2.335496832	2.335496832	82535
66.66666667	14	92.95422546	2.486326242	2.335496832	82657
100	4.333333333	1157.740743	1.59544807	1.722263288	82661
100	4.25	2878.537963	0.564076075	0.65804538	82662
100	3	268.069494	1.954016842	1.903107507	82710
100	3.545454545	8743.949697	1.086769004	1.332346775	82741
100	2	52.88666667	3.464101615	3.464101615	82804
100	2	70.79	3.464101615	3.464101615	82814
100	4.5	100.4164286	2.335496832	2.335496832	82815
100	4	53.02	3.464101615	3.464101615	82857
100	2	290.1795	2.335496832	2.486326242	82905
100	4	52.91230769	3.464101615	3.464101615	82906
100	2	52.66	3.464101615	3.464101615	83008
100	4	67.71	3.464101615	3.464101615	83017
100	2.25	475.0045739	1.60963011	1.620574783	83069
100	2	462.15	2.486326242	3.068247287	83114
100	2	49.96666667	3.464101615	3.464101615	83144
100	4	134.245	3.464101615	3.464101615	83179
100	4	52.91230769	3.464101615	3.464101615	83193
100	2	187.21	3.464101615	3.464101615	83242
100	2	57.09733333	3.464101615	3.464101615	83478
100	2.25	428.9468333	1.477097892	1.60963011	83505
100	3.625	2239.541592	0.738548946	1.067605647	83550
100	3	210.667381	2.335496832	2.335496832	83597
100	2	104.6066667	2.335496832	2.335496832	83600
100	3	98.12291667	2.335496832	2.335496832	83603
100	2.285714286	1451.745429	1.359362505	1.399855692	83738
100	4	48.55666667	3.464101615	3.464101615	83909
100	2.5	211.39125	1.477097892	1.477097892	83913
100	4	4501.741667	2.335496832	2.390891808	83940
100	3.538461538	1391.383526	0.731964426	0.753065569	83946
100	3	114.3333333	2.335496832	2.335496832	84000
100	2.8	493.8319048	1.235828761	1.235828761	84118
100	2.142857143	699.2842857	0.88273483	0.953462589	84127
100	6.3125	5175.917826	0.923186182	1.002670232	84204
100	7.636363636	1586.515025	0.865048867	0.864918714	84299
100	3	117.19	2.335496832	2.335496832	84307
100	2	55.07	3.464101615	3.464101615	84311
100	2	42.55	3.464101615	3.464101615	84312
100	2.333333333	1872.680667	0.603022689	0.666666667	84324
100	2	54.2075	3.464101615	3.464101615	84343
100	2	272.5992879	1.604539016	1.604539016	84409
100	2	50.59666667	3.464101615	3.464101615	84679
100	5	154.72	3.464101615	3.464101615	84701
100	2	172.516	1.809068067	1.809068067	84705
100	2	106.270641	2.335496832	2.335496832	84720
100	2	486.725	2.335496832	2.486326242	84742
100	6.5	161.04	2.335496832	2.335496832	84745
100	4	6779.43	3.464101615	3.464101615	84897
100	2.25	799.2667619	0.738548946	0.738548946	84967
100	3	217.9	2.335496832	2.335496832	85164
100	2	158.62	3.464101615	3.464101615	85177
100	4	793.0222222	1.809068067	1.846372365	85249
100	4	259.8466667	1.809068067	1.954016842	85358
100	4	82.925	3.464101615	3.464101615	85391
100	2.5	681.4708333	0.977008421	1.074923218	85406
100	4	58.32222222	3.464101615	3.464101615	85512
100	2.5	619.7375	1.044465936	1.044465936	85546
100	5	49.83628866	3.464101615	3.464101615	85781
100	4	57.04666667	3.464101615	3.464101615	85815
100	2	49.68	3.464101615	3.464101615	85840
100	2	191.85	3.464101615	3.464101615	85930
100	4	60.234	3.464101615	3.464101615	85990
100	5	50.83333333	3.464101615	3.464101615	86007
100	3.666666667	274.582381	1.809068067	1.903107507	86091
100	4	42.55	3.464101615	3.464101615	86111
100	4	49.41	3.464101615	3.464101615	86165
100	2	56.87	3.464101615	3.464101615	86213
100	2	160.2933333	3.464101615	3.464101615	86240
100	3.25	618.8583333	1.477097892	1.520765358	86293
100	2	283.74375	2.335496832	2.390891808	86322
100	3.285714286	1096.97381	1.146099297	1.065150438	86352
100	2	81.605	3.464101615	3.464101615	86390
96.72131148	2.966666667	117287.299	0.397519857	0.546010028	86398
100	2	56.61	3.464101615	3.464101615	86409
100	2.857142857	360.9121245	1.359362505	1.359362505	86415
100	5	96.95926829	3.464101615	3.464101615	86490
100	4	76.44	3.464101615	3.464101615	86562
100	2	53.35833333	3.464101615	3.464101615	86583
100	2	103.6033333	2.335496832	2.335496832	86604
100	3	470.4080938	1.167748416	1.154700538	86637
100	4	58.86307692	3.464101615	3.464101615	86698
100	2	54.0775	3.464101615	3.464101615	86711
100	3	124.874	2.335496832	2.335496832	86750
100	6	555.1223333	1.809068067	1.943607681	86780
100	6.333333333	515.3805556	1.809068067	1.903107507	86781
100	6	96.95926829	3.464101615	3.464101615	86860
100	2.357142857	1473.993	0.494871659	0.494871659	86906
100	5	49.83628866	3.464101615	3.464101615	86975
100	4	220.28	2.335496832	2.335496832	87132
100	5	3280.2625	1.954016842	2.16080793	87225
100	4	60.234	3.464101615	3.464101615	87245
40	8.25	741.645294	1.235828761	1.617391565	87261
100	6.5	192.6	2.335496832	2.662876094	87306
100	2.5	255.5116667	1.477097892	1.477097892	87316
100	2	51.25	3.464101615	3.464101615	87322
100	2	746.7531198	0.982185423	0.97234487	87326
100	2	55.88	3.464101615	3.464101615	87367
100	3.5	115.328	2.335496832	2.335496832	87592
100	2.583333333	1569.506304	0.738548946	0.890438843	87674
100	13	50.58	3.464101615	3.464101615	87729
75	2.75	207.286641	1.477097892	1.477097892	87736
100	2	53.64777778	3.464101615	3.464101615	87773
100	2.5	868.32	0.977008421	0.977008421	87846
100	4	57.025	3.464101615	3.464101615	87929
100	2.666666667	243.5361111	1.809068067	2.16080793	87985
100	5	64.47	3.464101615	3.464101615	87994
100	2	112.475	3.464101615	3.464101615	88018
100	2.857142857	652.1574286	1.543434236	1.746451478	88066
100	2	108.3205	2.335496832	2.335496832	88080
100	2	103.0246667	2.335496832	2.335496832	88084
100	2.333333333	309.2028333	1.348399725	1.348399725	88122
100	2	216.861	2.335496832	2.335496832	88132
100	4.25	1178.652969	1.954016842	2.560422933	88166
100	2.666666667	163.7934091	2.486326242	2.486326242	88175
100	3	185.865	2.335496832	2.486326242	88187
100	2	104.6275	2.335496832	2.335496832	88207
100	1	103.05	3.464101615	3.464101615	88255
100	2.666666667	164.7977778	1.809068067	1.809068067	88273
100	2	111.5675	2.335496832	2.335496832	88361
100	4.5	181.449375	2.335496832	2.486326242	88380
100	2	53.19666667	3.464101615	3.464101615	88397
100	2	110.2833333	3.464101615	3.464101615	88431
100	2	59.38722222	3.464101615	3.464101615	88434
100	2	87.97666667	3.464101615	3.464101615	88465
100	4.909090909	1334.79136	1.768749511	2.459977827	88540
100	2	48.93666667	3.464101615	3.464101615	88724
100	2	186.9566667	2.335496832	2.335496832	88726
100	2.5	200.2824545	1.954016842	1.954016842	88790
100	2	57.49	3.464101615	3.464101615	88806
0	3.333333333	378.8961905	2.486326242	2.662876094	88854
100	2	111.9873333	2.335496832	2.335496832	88888
100	2	54.22	3.464101615	3.464101615	88894
100	2	55.82777778	3.464101615	3.464101615	89013
100	4	76.44	3.464101615	3.464101615	89049
100	2	56.41733333	3.464101615	3.464101615	89160
100	6	348.23	3.464101615	3.464101615	89359
100	4	218.865	2.335496832	2.335496832	89549
100	2	96.785	2.335496832	2.335496832	89750
100	2	131.36	3.464101615	3.464101615	89898
100	2	45.59666667	3.464101615	3.464101615	89907
100	2	48.29444444	3.464101615	3.464101615	90081
100	5.266666667	2619.964967	0.844231765	1.116773285	117200
100	11.7	4937.44812	0.861288675	1.005989066	119107
100	3	521.6298611	1.59544807	1.520765358	130017
100	5	56.45333333	3.464101615	3.464101615	130053
100	2.4	2606.00055	1.001816532	1.2576285	130064
100	4	55.159	3.464101615	3.464101615	130085
100	4	258.4041667	2.335496832	2.390891808	130095
100	2	54.36466667	3.464101615	3.464101615	130136
100	4	108.97	2.335496832	2.335496832	130151
100	2	264.8536458	1.477097892	1.604539016	130154
100	2.5	434.1647727	1.477097892	1.477097892	130159
100	3.153846154	742.9880128	0.919573772	0.95540645	130198
100	3.5	117.5225	2.335496832	2.335496832	130213
100	3.333333333	162.7079545	2.486326242	2.486326242	130333
100	2	50.585	3.464101615	3.464101615	130334
100	2.6875	1193.255647	0.583874208	0.565369393	130347
100	2	434.346	1.477097892	1.477097892	130369
100	3	222.28	2.335496832	2.335496832	130395
100	3.064516129	4850.557065	0.450774253	0.501698907	130399
100	2.571428571	759.7760714	0.88273483	1.235828761	130402
100	3.333333333	549.0943938	0.603022689	0.603022689	130413
100	4	52.238	3.464101615	3.464101615	130453
100	2	111.5675	2.335496832	2.335496832	130454
100	4	53.02	3.464101615	3.464101615	130461
100	3	120.275	2.335496832	2.335496832	130494
100	3.333333333	167.0575	1.809068067	1.809068067	130519
100	2	59.69	3.464101615	3.464101615	130540
100	3.428571429	2247.542857	0.88273483	1.001816532	130544
100	2.5	281.8715057	1.477097892	1.604539016	130546
100	3.285714286	422.3693571	0.88273483	1.005037815	130555
100	2	50.8825	3.464101615	3.464101615	130600
100	2	2817.161389	0.738548946	0.888731682	130608
100	2.6	961.6643	0.861288675	1.005037815	130620
100	2	57.36333333	3.464101615	3.464101615	130667
100	3	267.3823864	1.477097892	1.604539016	130682
100	3.166666667	506.3557692	1.348399725	1.407052941	130715
100	2	54.088	3.464101615	3.464101615	130817
100	2	170.109375	2.335496832	2.486326242	130820
100	3.666666667	328.84	1.348399725	1.348399725	130843
100	2	48.81	3.464101615	3.464101615	130848
100	3	1159.7885	0.738548946	0.831079973	130900
100	2	46.31	3.464101615	3.464101615	130905
100	2	286.981875	2.335496832	2.486326242	130917
99.63547995	4.121654501	63184.11515	0.315397783	0.362632484	130943
100	3	256.24	1.809068067	1.809068067	130959
100	2	134.1	3.464101615	3.464101615	130965
100	3.5	160.5928571	2.335496832	2.486326242	131057
100	2	100.38	3.464101615	3.464101615	131061
100	4	192.65	3.464101615	3.464101615	131202
100	2.666666667	161.9033333	1.809068067	1.809068067	131222
100	2.4	263.9166667	1.235828761	1.235828761	131223
100	4.5	109.2975	2.335496832	2.335496832	131237
100	2	59.38722222	3.464101615	3.464101615	131296
100	3	354.29835	1.235828761	1.359362505	131358
100	4	158.74	3.464101615	3.464101615	131359
100	2	384.8845	2.335496832	2.580072053	131377
100	2	54.088	3.464101615	3.464101615	131384
100	4	52.91230769	3.464101615	3.464101615	131413
100	3	108.9083333	2.335496832	2.335496832	131425
100	2	54.2575	3.464101615	3.464101615	131437
100	2.666666667	162.0185556	1.809068067	1.809068067	131442
100	2.408536585	33673.34817	0.599605083	0.645105895	131492
100	2.285714286	424.8266667	1.146099297	1.167748416	131511
100	2	53.35833333	3.464101615	3.464101615	131553
100	2	108.0238636	2.335496832	2.335496832	131610
92.30769231	2.307692308	2497.760237	0.831079973	0.756329544	131644
100	2.666666667	160.3326768	1.809068067	1.809068067	131656
100	2.8	579.2478	1.235828761	1.348399725	131706
100	2	52.21375	3.464101615	3.464101615	131805
100	4	225.8	3.464101615	3.464101615	131837
100	2	210.2805556	1.477097892	1.477097892	131865
100	2.5	565.5090833	1.477097892	1.574591643	132745
100	3	209.176	2.335496832	2.335496832	132826
100	3	311.0962714	1.044465936	1.044465936	132859
100	4	152.83125	2.335496832	2.486326242	132928
100	2	54.2325	3.464101615	3.464101615	133211
100	3	108.7725	2.335496832	2.335496832	133228
100	4	76.195	3.464101615	3.464101615	135072
100	4	1101.08	3.464101615	3.464101615	135074
100	2.52	5258.014249	0.692820323	0.688201204	135077
100	2.25	2794.263027	0.692820323	0.921132373	135079
97.22222222	4.314285714	39843.36153	0.317820863	0.750675284	135086
100	2	74.826	3.464101615	3.464101615	135088
50	2	150.9962824	2.335496832	3.464101615	135089
100	2	77.14	3.464101615	3.464101615	135093
100	2	1774.85982	0.88273483	1.449617878	135096
100	1.933333333	1379.624364	0.497265248	0.603022689	135107
100	2.3	3677.754228	0.861288675	0.894169489	135111
100	3	1221.036163	1.59544807	1.790124424	135112
100	2	82.85	3.464101615	3.464101615	135121
100	2.2	8531.998881	1.001816532	0.982185423	135123
85.71428571	5	455.8825448	1.707779863	1.809068067	135127
100	2.304347826	7918.965331	0.469740854	0.585263414	135131
100	2	1015.015625	0.977008421	1.000268926	135134
80	3.5	896.2544135	1.235828761	1.758098146	135137
97.6744186	2	10588.74526	0.302406884	0.464178485	135139
100	5	304.9827889	2.335496832	2.335496832	135144
100	2	482.2037297	3.464101615	3.464101615	135163
100	4	77.14	3.464101615	3.464101615	135165
100	2	226.7175	2.335496832	2.486326242	135178
100	1.973684211	5142.841395	0.296032695	0.620993776	135180
100	2	152.11	3.464101615	3.464101615	135181
100	2	331.4	3.464101615	3.464101615	135184
100	2.076923077	2843.249086	1.000268926	0.932405726	135185
100	3.071428571	15670.535	0.715583237	0.848440674	135186
100	5.5	235.9900917	2.335496832	2.486326242	135188
100	2	764.2552381	3.464101615	3.464101615	135193
100	1.666666667	224.1328287	1.809068067	1.809068067	135195
100	2	786.7484913	1.407052941	1.520765358	135200
100	2	320.925	1.477097892	1.477097892	135202
100	2	1451.95233	0.861288675	0.870918549	135204
100	2	76.055	3.464101615	3.464101615	135209
100	4	78.46	3.464101615	3.464101615	135212
100	4	799.91	3.464101615	3.464101615	135219
100	2	77.46	3.464101615	3.464101615	135224
100	2	79.12	3.464101615	3.464101615	135241
100	2	625.2978287	2.662876094	3.022641831	135243
100	3	231.405	2.335496832	2.486326242	135244
100	1.666666667	231.08	1.809068067	1.809068067	135246
93.15068493	0	8487.226906	0.360544009	0.488600858	135251
100	2	235.3333716	3.464101615	3.464101615	135261
100	2	3196.535767	1.08626097	1.04010749	135262
100	4.5	1545.238649	1.954016842	1.954016842	135264
100	4	74.03891437	3.464101615	3.464101615	135265
100	3.714285714	2523.346127	2.125906987	2.367447658	135266
60	4	227.1500712	1.604539016	1.809068067	135275
100	2	484.3768889	2.486326242	2.486326242	135276
100	2	621.2426992	2.486326242	2.662876094	135286
100	4.8	5477.521689	1.001816532	1.218411631	135292
100	2	959.2074486	0.982185423	1.144719147	135294
100	2	8190.360139	0.977008421	0.895770176	135310
100	2.2	1005.73231	1.235828761	1.865285485	135311
100	2.666666667	368.3337462	1.809068067	2.16080793	135332
100	2.8	477.337	1.235828761	1.359362505	135348
100	2.4	463.2593945	1.903107507	2	135356
100	2.5	843.7267543	1.477097892	1.574591643	135384
100	3	463.3197143	1.604539016	1.59544807	135478
100	2	734.7272408	1.809068067	1.970694386	135541
100	2	493.8744388	1.59544807	1.59544807	136195
100	6.1	1917.827776	1.12492424	1.580296274	136196
100	4.875	668.347398	0.977008421	0.977008421	136197
100	5.4	408.5544388	1.235828761	1.235828761	136198
100	4.8	819.2344388	1.001816532	1.001816532	136199
100	5	246.2014286	2.335496832	2.486326242	136200
100	3.75	582.527378	1.331438047	1.146099297	136201
100	6	917.9690359	1.154700538	1.352849901	136202
100	6.142857143	582.9059184	1.707779863	1.707779863	136203
100	6	907.4218367	1.086769004	1.086769004	136204
100	7.769230769	1092.598878	0.731964426	0.731964426	136205
100	6.5	328.0529592	1.954016842	1.954016842	136206
100	4	165.9429592	2.335496832	2.335496832	136207
100	6	82.97147959	3.464101615	3.464101615	136208
100	6	82.97147959	3.464101615	3.464101615	136234
100	2	74.03891437	3.464101615	3.464101615	136568
100	2	779.3248776	1.59544807	1.903107507	136571
100	2	82.85	3.464101615	3.464101615	136574
100	2	1144.160667	3.464101615	3.464101615	136583
100	4	381.2877778	2.335496832	2.390891808	136589
100	2.153846154	1453.924512	0.617130391	0.828235055	136592
100	4	76.265	3.464101615	3.464101615	136593
100	4	339.128211	2.335496832	2.794800367	136596
92.85714286	2.461538462	1664.379724	0.494871659	0.650954336	136600
100	2	152.9294556	3.464101615	3.464101615	136602
95.74468085	2.282608696	16109.5847	0.413962651	0.577829311	136608
100	2.1	772.8476667	0.692820323	0.692820323	136609
100	2	74.03891437	3.464101615	3.464101615	136610
100	3.75	439.8058716	1.954016842	2.335496832	136612
100	2	72.07714286	3.464101615	3.464101615	136622
100	4	150.3039144	3.464101615	3.464101615	136623
100	2	151.5033333	3.464101615	3.464101615	136629
100	2	73.62	3.464101615	3.464101615	136638
100	2	82.85	3.464101615	3.464101615	136644
100	2.133333333	2171.002671	1.08544084	1.174876143	136646
100	3.428571429	4725.891753	1.359362505	1.796260345	136647
80	25.53333333	54939.79744	0.910544293	0.837768658	136650
100	2.25	389.248643	2.335496832	2.390891808	136653
100	2	73.79	3.464101615	3.464101615	136664
100	2.375	1294.132697	1.167748416	1.221079406	136674
100	2	456.846	1.604539016	1.59544807	136682
100	2	277.58	2.335496832	2.335496832	136686
66.66666667	2	610.4122016	1.809068067	2.421494655	136692
100	2	74.03891437	3.464101615	3.464101615	136694
100	2	999.0085054	1.001816532	0.919573772	136702
100	4	152.9294556	3.464101615	3.464101615	136714
98.07692308	3.349514563	9297.561579	0.342050269	0.338281021	136722
100	2	75.39	3.464101615	3.464101615	136726
100	2	72.91	3.464101615	3.464101615	136740
100	2	79.12	3.464101615	3.464101615	136765
100	2	85.32	3.464101615	3.464101615	137105
100	14	347.8675	3.464101615	3.464101615	137190
66.66666667	14.8	25760.61409	1.044465936	1.583209877	137192
100	2.736842105	8418.263921	0.911605688	1.841435451	137193
71.42857143	8	1093.86817	0.88273483	1.025757569	137195
100	5	300.3516667	3.464101615	3.464101615	137196
66.66666667	8.666666667	6629.800909	1.809068067	1.809068067	137198
100	4	49.98	3.464101615	3.464101615	137200
25	13.75	2591.331456	1.477097892	1.504476931	137211
100	4.5	3465.6	2.335496832	2.662876094	137214
100	3.5	960.9529722	1.954016842	2.128342395	138015
100	2.857142857	783.043	1.359362505	1.499536106	138017
100	4.142857143	909.512381	1.359362505	1.477097892	138022
100	9	118.38	3.464101615	3.464101615	138031
100	5	640.73	3.464101615	3.464101615	138059
100	7.5	812.9625	2.335496832	2.486326242	138063
100	2	4902.083333	0.426401433	0.558497262	138064
100	3	269.43	3.464101615	3.464101615	138083
84.5	5.333333333	2668.026894	3.464101615	3.464101615	138104
100	2	292.0666667	1.809068067	2.16080793	138107
95.83333333	6.125	3449.460792	0.852802865	0.984944866	138108
100	5.666666667	513.6027778	1.809068067	2.16080793	138109
100	5	99.81	2.335496832	2.335496832	138111
96.55172414	8.206896552	6715.859782	0.670904987	0.80092175	138132
100	8.206896552	7774.84223	0.597258899	0.55581326	138136
100	5.5	676.21	1.044465936	1.044465936	138140
100	2.666666667	565.0888889	1.005037815	1.12492424	138146
100	2	418.5405	3.464101615	3.464101615	138148
88.88888889	2.666666667	1416.310185	1.154700538	1.379960474	138151
100	5	57.03	3.464101615	3.464101615	138156
100	3.75	282.7375	1.477097892	1.604539016	138181
100	3.666666667	460.4733333	1.809068067	1.954016842	138196
50	2	104.1225	2.335496832	2.335496832	138208
100	5	210.4933333	3.464101615	3.464101615	138209
95	5.7	3085.595013	0.692820323	1.088850572	138213
100	5.2	483.522	1.604539016	1.517573821	138214
96.15384615	7.807692308	11598.03516	0.731964426	0.982307055	138225
100	6	266.48125	3.464101615	3.464101615	138228
100	2.857142857	790.31	0.88273483	1.022928242	138267
88.88888889	6.375	1195.993577	0.828775414	1.18917678	138275
96.55172414	6.517241379	5522.211306	0.798062728	0.810820882	138404
100	4.222222222	1455.876852	0.449466575	0.459894317	138405
75	5	438.2485765	1.954016842	2.056033251	138421
97.56097561	2.195121951	14602.4782	0.291572172	0.310282537	138424
100	3.5	150.275	2.335496832	2.486326242	138425
84.61538462	2	1629.653333	0.731964426	0.721031458	138426
98.52941176	3.470588235	16856.81672	0.822000108	1.105284094	138433
88.88888889	2.555555556	1486.16	1.005037815	1.110369725	138438
100	6.333333333	516.42	1.809068067	1.896301557	138439
100	6	1125.0875	1.809068067	1.833030278	138441
100	5.2	5417.314833	0.861288675	0.987965867	138442
97.91666667	5.875	12686.68244	0.319801075	0.416922792	138455
100	4.538461538	1953.393376	0.919573772	1.048720397	138456
100	4.4	2304.069483	1.604539016	1.51033431	138458
100	6	295.56	3.464101615	3.464101615	138461
100	3.909090909	2814.058121	0.729335916	0.844863004	138476
100	4.428571429	791.2988889	1.359362505	1.407638847	138482
100	5.75	638.53625	1.477097892	1.706486498	138483
100	7.181818182	29234.42569	0.314918329	0.47192324	138489
100	10	1364.772857	0.494871659	0.686571534	138491
100	3.333333333	551.6633333	1.348399725	1.348399725	230318
100	2.5	347.39	1.477097892	1.477097892	230367
100	15.09090909	4075.914	0.865048867	1.210398224	231118
100	2.6	4645.921038	0.532575219	0.65804538	232819
100	4	1504.097778	0.828775414	1.028016625	234211
100	3	350.5	1.954016842	1.954016842	234294
100	2.8	632.4045	1.604539016	1.707779863	234526
100	23.4	1428.648533	1.604539016	2.176840914	234534
100	10.64285714	2979.0885	1.146099297	1.418433447	234542
100	5	198.53	2.335496832	2.335496832	234753
100	1	812.665	3.464101615	3.464101615	235119
100	4.833333333	14005.97683	0.852802865	0.86509795	235150
100	5.2	2946.944039	0.692820323	0.729335916	236240
100	2	95.3	3.464101615	3.464101615	236745
100	5.142857143	1044.544286	1.359362505	1.270363803	236950
100	59	963.0023333	2.335496832	3.136273804	237909
100	3.142857143	2467.544365	1.137780934	1.139042857	238816
100	4	616.623	1.604539016	1.707779863	239145
100	3.4	829.482	1.604539016	1.809068067	239236
100	2.571428571	1286.835	1.146099297	1.146099297	240005
100	3	1832.72	2.335496832	2.662876094	240633
100	5	193.68	3.464101615	3.464101615	241671
100	3.4	1130.135	1.235828761	1.348399725	244537
100	2	2793.091282	0.617130391	0.721031458	247338
100	2.555555556	1443.385185	1.005037815	0.923186182	247403
100	4	271.5925	2.335496832	2.486326242	251533
100	2	93.28	3.464101615	3.464101615	251606
100	4.058823529	1809.182353	0.973379555	0.934198733	252023
100	2.5	2493.941667	1.954016842	2.151092746	252415
100	2.875	1411.378333	0.977008421	0.923186182	252424
100	72.66666667	297.935	1.809068067	1.809068067	252446
100	5	88.365	3.464101615	3.464101615	252451
100	2	2142.7175	1.167748416	1.279204298	252484
100	2.5	188.09	2.335496832	2.335496832	252775
100	3	194.7	3.464101615	3.464101615	253512
100	2	92.52	3.464101615	3.464101615	254014
100	4	203.48	3.464101615	3.464101615	254055
100	2.333333333	1343.031667	0.852802865	0.95540645	254533
100	4	580.2975	1.477097892	1.809068067	254541
100	2	50.87	3.464101615	3.464101615	257046
100	5	183.42	2.335496832	2.335496832	257517
100	2.625	1185.39	0.977008421	1.206045378	258024
100	2.428571429	847.2723214	0.88273483	1.005037815	258814
100	5	719.79	1.954016842	2.246208927	259042
100	4	340.7916667	2.662876094	2.662876094	260422
100	13	1130.47319	1.359362505	1.691035758	274613
100	4.5	1959.452083	1.167748416	1.262032992	275065
100	3	488.075	2.390891808	2.390891808	278564
100	2.666666667	610.1433333	1.809068067	1.85764229	279927
100	3.8	4480.35497	0.844231765	0.902843991	280800
100	2	431.5375	2.335496832	2.794800367	281030
100	14	281.3625	2.335496832	2.486326242	282103
100	9.388888889	16616.45648	1.407052941	1.36805664	285700
100	3	186.085	2.335496832	2.335496832	287177
100	3.217391304	21214.57093	0.565369393	0.512269536	287235
100	2.307692308	2580.086923	1.272880956	1.44278642	289132
100	3	692.37	1.348399725	1.543434236	289157
100	3.857142857	551.7683333	1.359362505	1.359362505	292110
100	14.9	4594.14035	1.33756903	1.457805406	292243
100	4	544.605	3.464101615	3.464101615	292763
100	2.5	269.73	2.335496832	2.486326242	292854
100	4.1	1101.629	1.432099539	1.477097892	292870
100	2.625	1533.63375	1.331438047	1.54821839	292888
100	4.090909091	5467.903333	0.729335916	0.834493057	292912
100	2	2281.529905	1.146099297	1.564558491	292920
100	4	554.385	2.335496832	2.486326242	292938
100	4.857142857	6259.340095	0.715583237	0.719127079	293050
100	5	370.3533333	1.809068067	1.954016842	293126
100	40	364.64	1.809068067	1.954016842	293647
100	4	1528.214292	1.477097892	2.051553244	296384
100	2	87.995	3.464101615	3.464101615	299339
100	3	94.14	3.464101615	3.464101615	299529
100	2	95.3	3.464101615	3.464101615	299834
100	2	143.4975	2.335496832	2.335496832	302792
100	2	163.5733333	2.335496832	2.335496832	303096
100	2	76.44	3.464101615	3.464101615	304393
100	4	226.25	1.809068067	1.809068067	305253
100	3	149.81	2.335496832	2.335496832	308450
92.09278351	1.164835165	17576.42847	0.445917594	0.464383852	309664
100	2.857142857	531.045	1.146099297	1.146099297	309987
0	2	764.4	3.464101615	3.464101615	311324
96.37681159	1.266666667	15422.47397	0.208101922	0.271132637	313038
100	2.25	2118.83	1.167748416	1.334569619	314609
100	1.254237288	5915.577288	0.494095613	0.698880993	315305
100	4	38.22	3.464101615	3.464101615	400010
100	2.904761905	30012.83302	1.337347082	1.359938167	601002
100	4	1467.57	2.335496832	2.486326242	601010
100	2.857142857	37082.73548	0.285714286	0.303072242	601041
95.83333333	3.208333333	19817.609	0.639602149	0.694313952	601049
100	4.55	7158.736683	0.781606737	0.560295756	601052
100	2.272727273	2544.001318	0.865048867	1.025757569	601057
100	4.3	2414.2648	0.861288675	1.048273699	601060
100	3.333333333	5128.743148	0.828775414	0.88273483	601061
100	2	1644.733974	1.144719147	1.183891887	601073
100	2.4	4134.99912	0.722420175	1.205019393	601074
100	4	3740.763344	0.583874208	0.798512846	601077
100	4.142857143	5442.523146	0.736032588	1.200891736	601078
100	2.611111111	24493.05926	0.449466575	0.467099366	601103
100	4	766.152	1.235828761	1.477097892	601160
100	3.2	1211.09875	1.604539016	1.567858992	601237
100	3.333333333	304.52	1.809068067	1.809068067	601303
100	3.75	882.7270833	1.954016842	2.252971992	601348
100	3.8	3773.116	0.861288675	1.087114613	601350
100	5.875	887.19125	1.331438047	1.352849901	601396
100	2	10908.51451	0.635531744	0.605373664	601480
100	2	2098.882067	1.235828761	1.257575217	601651
100	5.5	2583.902222	1.044465936	1.052594198	602003
100	2.4	656.299	1.235828761	1.359362505	602046
100	2	434.752896	3.464101615	3.464101615	602058
100	4.75	1151.854375	1.477097892	1.996285976	602078
100	2	585.835	2.486326242	2.733998441	602081
93.75	2.5625	2873.713656	1.123104464	1.10198501	602082
100	4.25	325.5	1.477097892	1.604539016	602091
88.875	2.25	6713.672	0.977008421	1.04624073	602094
100	2.5	1603.23125	1.477097892	1.604539016	602138
100	14	1341.401692	1.809068067	1.809068067	710467
100	14	2675.498639	0.861288675	0.875532719	713464
100	13.2	471.0913333	1.604539016	1.684150717	713949
100	14	5387.135186	1.477097892	1.821587719	714129
100	14	1350.524988	1.604539016	1.59661051	714181
100	14	91.94794118	2.335496832	2.335496832	714876
100	13.8	677.223	1.235828761	1.326649916	715590
100	14.54545455	6836.822522	0.865048867	0.910544293	715805
100	14	4471.508462	0.692820323	0.692820323	715952
100	14.5	147.0825	3.464101615	3.464101615	716110
100	18	52.3	3.464101615	3.464101615	716151
100	14	11394.63328	1.044465936	1.269273235	716235
100	12.9	1159.144424	0.692820323	0.879049073	716322
100	14	339.4434167	1.954016842	1.85764229	716345
100	14	745.22	3.464101615	3.464101615	716418
100	14	2702.699569	1.167748416	1.751225386	716423
100	14	531.4595	1.348399725	1.270363803	716523
100	14	93.77533333	3.464101615	3.464101615	716589
100	14	490.2625	2.335496832	2.794800367	716620
100	13.53846154	7697.158779	0.731964426	1.054975772	716690
100	14	1698.296811	0.977008421	0.953462589	716700
100	2	76.44	3.464101615	3.464101615	790222
100	2.363636364	673.2756926	0.865048867	0.865048867	820013
100	3	62.2025	3.464101615	3.464101615	820015
100	5	1283.412966	2.486326242	3.149808299	820021
100	3	120.18	2.335496832	2.335496832	820028
100	6	341.280057	1.954016842	2	820131
100	6.5	114.065	2.335496832	2.335496832	820171
100	10	63.33666667	3.464101615	3.464101615	820176
100	6.363636364	696.4129577	0.729335916	0.852802865	820200
100	3.8	963.5197005	0.861288675	0.977008421	820253
66.66666667	4.666666667	613.4277027	2.486326242	2.846960497	820271
100	4	176.5318398	1.809068067	1.809068067	820289
100	4	55.44333333	3.464101615	3.464101615	820337
100	7.2	858.4045643	1.604539016	1.840948372	820339
100	3	170.9085065	1.809068067	1.809068067	820347
100	2.75	235.2905065	1.477097892	1.477097892	820359
100	4.25	242.0551732	1.954016842	1.954016842	820363
100	6	58.02	3.464101615	3.464101615	820390
100	6	64.055	3.464101615	3.464101615	820394
100	7	56.38	3.464101615	3.464101615	820404
100	4.5	579.0124391	1.348399725	1.604539016	820451
100	4.2	579.6411712	1.235828761	1.432099539	820452
100	4.25	247.5490476	1.477097892	1.477097892	820453
100	3.333333333	193.13	1.809068067	1.809068067	820454
100	3.333333333	699.134726	1.005037815	1.044465936	820455
100	7.833333333	446.2831532	1.348399725	1.477097892	820464
100	4.333333333	2962.473061	1.044465936	1.044465936	820575
100	6	69.115	3.464101615	3.464101615	820576
100	4.571428571	605.2107143	1.359362505	1.604539016	820581
100	3.333333333	390.215202	1.348399725	1.359362505	820594
100	4.666666667	303.9833967	1.809068067	1.903107507	820921
100	4.777777778	590.5252347	0.603022689	0.692820323	821980
100	3	59.00850649	3.464101615	3.464101615	822192
100	3.6	296.9755195	1.235828761	1.235828761	822224
100	2.125	564.5663109	0.977008421	1.005037815	822277
100	6	61.33	3.464101615	3.464101615	822278
100	20	128.93	3.464101615	3.464101615	822287
100	5	56.38	3.464101615	3.464101615	822290
100	4.5	118.8585065	2.335496832	2.335496832	822291
100	5	64.47	3.464101615	3.464101615	822297
100	8.333333333	187.0586667	1.809068067	1.809068067	822304
100	6	58.02	3.464101615	3.464101615	822361
100	3	59.00850649	3.464101615	3.464101615	822411
100	4.5	470.4146807	1.477097892	1.846372365	822425
100	6	119.2283333	2.335496832	2.335496832	822437
100	5	59.00850649	3.464101615	3.464101615	822445
100	3	502.3245946	1.809068067	2.352733205	822487
100	6.333333333	180.6033333	1.809068067	1.809068067	822488
100	5.666666667	181.0566667	1.809068067	1.809068067	822499
100	5.222222222	2908.400316	1.005037815	1.34680304	822514
100	5	62.16	3.464101615	3.464101615	822543
100	7.5	371.0832222	2.335496832	2.580072053	822561
96.2962963	6.961538462	20342.04485	0.469017647	0.650388781	822562
100	5.333333333	822.4180569	1.287076399	1.543434236	822598
100	5	781.0732823	3.464101615	3.464101615	822779
100	6	59.00850649	3.464101615	3.464101615	822780
100	5	533.0878125	1.331438047	1.287076399	823592
100	6	67.86	3.464101615	3.464101615	823744
100	4.2	441.2359623	1.235828761	1.359362505	823751
100	8	144.455	3.464101615	3.464101615	824058
100	5	645.985777	1.954016842	2.051918162	824185
100	2.888888889	524.0473593	1.005037815	1.005037815	824396
100	3.307692308	996.2542332	0.475318754	0.635531744	824414
100	2.03125	1987.697627	0.402407527	0.421205747	824433
100	3	183.14	1.809068067	1.809068067	824449
100	4	340.7020211	2.335496832	2.486326242	824471
100	3	183.8747973	2.335496832	2.486326242	824494
100	4.428571429	443.1433333	1.146099297	1.146099297	824506
100	4.5	493.6684415	1.477097892	1.809068067	824537
100	5.5	126.8685065	2.335496832	2.335496832	824558
100	14	4060.295592	1.331438047	2.026717722	825247
100	4	65.485	3.464101615	3.464101615	825376
100	4	191.78	1.809068067	1.809068067	825427
100	7	629.0775768	1.477097892	1.768749511	825621
100	8.166666667	719.9842342	1.348399725	1.348399725	825961
100	3	54.8	3.464101615	3.464101615	825982
100	5.4	307.0533333	1.604539016	1.604539016	826021
100	5	98.18	3.464101615	3.464101615	901015
100	7	49.83628866	3.464101615	3.464101615	973028
100	6	49.83628866	3.464101615	3.464101615	973137
100	6	49.83628866	3.464101615	3.464101615	973270
100	5.125	5037.706607	1.167748416	1.233621265	973433
100	4	99.19628866	2.335496832	2.335496832	973790
100	5	288.0386538	1.604539016	1.59544807	973817
100	4.666666667	720.937252	1.809068067	2.474358297	973819
100	4.857142857	768.9803484	0.88273483	0.923186182	973820
100	5	147.4738842	2.335496832	2.486326242	973837
100	6	159.6762887	1.809068067	1.809068067	973926
100	7	96.95926829	3.464101615	3.464101615	973962
100	4	119.7562887	2.335496832	2.335496832	973966
100	5.777777778	603.0281033	1.005037815	0.953462589	973988
100	6	107.3862887	2.335496832	2.335496832	974483
100	6	96.95926829	3.464101615	3.464101615	974713
100	6	483.295116	1.477097892	1.858640755	975000
100	4	89.45	3.464101615	3.464101615	975186
100	7.5	99.27295533	2.335496832	2.335496832	975447
100	7	96.95926829	3.464101615	3.464101615	975459
100	7	854.9543093	2.335496832	3.235105731	975657
100	4.333333333	171.5562887	1.809068067	1.809068067	975888
100	5.333333333	158.6025773	2.486326242	2.486326242	975903
100	6	47.31	3.464101615	3.464101615	975978
100	4	49.83628866	3.464101615	3.464101615	975992
100	4	73.22	3.464101615	3.464101615	976018
100	6	575.2728571	3.464101615	3.464101615	976138
100	9	96.95926829	3.464101615	3.464101615	976193
100	4	126.8366667	3.464101615	3.464101615	8000011
100	2	948.09	3.464101615	3.464101615	8000065
100	2	408.51	3.464101615	3.464101615	8000068
100	2	115.852	3.464101615	3.464101615	8000110
100	12.21428571	1588.785571	0.615206196	0.615206196	8000114
100	2	118.36125	3.464101615	3.464101615	8000230
100	2.666666667	392.6716667	1.809068067	1.809068067	8000358
100	2	116.3471429	3.464101615	3.464101615	8000359
100	2	2020.636667	2.335496832	2.335496832	8000475
50	2.333333333	677.8735	1.59544807	1.59544807	8000494
100	3	445.6177778	1.809068067	1.954016842	8000495
100	5	130.96	3.464101615	3.464101615	8000498
100	2	257.6	3.464101615	3.464101615	8000504
100	4	117.685	3.464101615	3.464101615	8000516
100	4	135.195	3.464101615	3.464101615	8000538
100	3	120.6585714	3.464101615	3.464101615	8000693
100	3	120.6585714	3.464101615	3.464101615	8000694
100	3	239.7433333	3.464101615	3.464101615	8000695
100	4	798	2.335496832	2.335496832	8000772
100	2	118.36125	3.464101615	3.464101615	8000803
100	2.333333333	1462.651458	1.411639923	1.463357148	8000888
100	3	155.4657944	3.464101615	3.464101615	8000907
100	11	86.285	3.464101615	3.464101615	8000921
100	2.4	382.5096814	1.903107507	1.903107507	8000935
100	4	130.58	3.464101615	3.464101615	8001072
100	4	904.47	3.464101615	3.464101615	8001086
100	2	387.53	3.464101615	3.464101615	8001121
100	2	1053.45	3.464101615	3.464101615	8001237
100	2.5	152.913393	2.335496832	2.335496832	8001252
100	4	126.8366667	3.464101615	3.464101615	8001261
100	2	80.7675	3.464101615	3.464101615	8001321
100	3.5	178.3366667	2.335496832	2.335496832	8001350
100	2	96.01	3.464101615	3.464101615	8001361
100	4.333333333	310.3345775	2.486326242	2.662876094	8001428
100	17	120.3033333	3.464101615	3.464101615	8001654
100	2	515.265	3.464101615	3.464101615	8001711
100	2	288	3.464101615	3.464101615	8001771
100	2	77.50901797	3.464101615	3.464101615	8001829
100	4	128.36	3.464101615	3.464101615	8001845
100	2	110.1757143	3.464101615	3.464101615	8001856
100	5	165.41	3.464101615	3.464101615	9100027
100	2	113.865	3.464101615	3.464101615	9100244
100	2	218.06	3.464101615	3.464101615	9101428
94.73684211	3.105263158	2690.677684	0.500817765	0.564076075	9101517
100	4	341.08	3.464101615	3.464101615	9101780
100	2.666666667	940.1758333	2.486326242	2.580072053	9101962
100	2	118.1366667	3.464101615	3.464101615	9102250
100	14	360.48	3.464101615	3.464101615	9102319
100	2	221.2666667	3.464101615	3.464101615	9102430
100	14	120.4933333	3.464101615	3.464101615	9102505
100	2	313.41	3.464101615	3.464101615	9102657
100	2	113.5576923	3.464101615	3.464101615	9102680
100	2	483.88	2.335496832	2.335496832	9102851
100	2	129.6	3.464101615	3.464101615	9102899
100	4.235294118	16963.75843	0.973379555	1.076610844	9103113
100	3.4	1225.829333	1.235828761	1.331438047	9103283
100	2	114.8275	3.464101615	3.464101615	9103297
100	3.428571429	1077.478714	1.146099297	1.154700538	9103317
100	4	271.1	3.464101615	3.464101615	9103595
100	4	293.26	3.464101615	3.464101615	9103692
100	4	121.97	3.464101615	3.464101615	9103827
100	2	558.34	3.464101615	3.464101615	9105328
100	14.6	3511.423619	0.861288675	1.60963011	9106127
100	4	257.2	3.464101615	3.464101615	9107140
100	13	116.3471429	3.464101615	3.464101615	9107166
100	2	767.4	3.464101615	3.464101615	9125121
100	2.5	157.04	2.335496832	2.335496832	9125440
100	3.333333333	250.2346875	2.486326242	2.486326242	9129372
100	4	977.08	3.464101615	3.464101615	9142006
100	5	489.7666667	2.335496832	2.662876094	9191027
100	2	83.7146875	3.464101615	3.464101615	9200360
100	2	272.03	3.464101615	3.464101615	9200408
100	3	85.27	3.464101615	3.464101615	9200602
100	3.666666667	243.439375	1.809068067	1.809068067	9200603
100	3	83.7146875	3.464101615	3.464101615	9214915
100	2	83.7146875	3.464101615	3.464101615	9227221
100	3	181.36	2.335496832	2.335496832	9227307
100	3	90.68	3.464101615	3.464101615	9240083
100	4	83.7146875	3.464101615	3.464101615	9251159
100	2	861.18	3.464101615	3.464101615	9254302
100	4.730769231	17500.51391	0.385314051	0.795463251	9255140
100	4	160.2577778	3.464101615	3.464101615	9258703
100	4	113.1133333	3.464101615	3.464101615	9268496
100	2	109.9023077	3.464101615	3.464101615	9268575
100	4	251.81	2.335496832	2.335496832	9278650
100	2	131.6	3.464101615	3.464101615	9289035
100	3.5	310.9315888	2.335496832	2.335496832	9300896
100	2.75	760.3232067	1.477097892	1.520765358	9300992
100	3.5	466.9030809	1.477097892	1.809068067	9301320
100	5.333333333	393.3150033	2.486326242	2.390891808	9301321
100	2	298.7208621	3.464101615	3.464101615	9301552
100	4	77.50901797	3.464101615	3.464101615	9301638
100	3	307.1304702	1.809068067	1.954016842	9301754
100	4	309.565	3.464101615	3.464101615	9301785
100	2.5	310.5100539	1.954016842	1.954016842	9306040
100	5	230.8657779	1.809068067	1.809068067	9306044
100	2	75.1059375	3.464101615	3.464101615	9306439
100	4	152.0308601	2.335496832	2.335496832	9306525
100	2	231.0154065	3.464101615	3.464101615	9306601
100	3.5	153.3526543	2.335496832	2.335496832	9306752
100	2	77.50901797	3.464101615	3.464101615	9306821
100	2	77.50901797	3.464101615	3.464101615	9306851
100	2.75	911.5477096	1.954016842	1.858640755	9306962
100	6	77.50901797	3.464101615	3.464101615	9306999
100	4	77.50901797	3.464101615	3.464101615	9307200
100	2	148.3945455	3.464101615	3.464101615	9307251
100	0.625	657.0589685	1.331438047	1.287076399	9307342
100	2	78.98933333	3.464101615	3.464101615	9307542
100	2.571428571	1481.678723	1.359362505	1.520765358	9307681
100	2	162.7275	3.464101615	3.464101615	9307793
100	4	230.1173216	1.809068067	1.809068067	9307815
100	2.818181818	2766.147291	1.430587822	1.762662536	9307978
100	4.818181818	24965.8612	0.712663178	0.756091197	9308050
100	3.222222222	871.4608725	1.154700538	1.352849901	9308099
100	3	75.1059375	3.464101615	3.464101615	9308127
100	2	845.112846	1.809068067	1.887122719	9308235
100	3	232.8628727	2.335496832	2.486326242	9308241
100	5	77.50901797	3.464101615	3.464101615	9308329
100	1	78.98933333	3.464101615	3.464101615	9310093
100	4.5	306.4426949	1.477097892	1.477097892	9310565
100	2.923076923	4010.506672	0.831079973	0.836616563	9311448
100	3	585.4184959	2.335496832	2.390891808	9313045
100	2.625	699.247903	0.977008421	1.154700538	9314011
100	3	387.1497339	1.477097892	1.604539016	9314205
100	3	232.5270539	1.809068067	1.809068067	9314307
100	4.833333333	4279.01919	1.348399725	1.279204298	9314538
100	2.5	301.6826958	1.954016842	1.954016842	9314552
100	5	232.5270539	1.809068067	1.809068067	9314650
84.61538462	3.833333333	1954.39726	0.919573772	1.317731926	9314670
100	5	155.0180359	3.464101615	3.464101615	9314885
100	6.5	673.2775451	2.335496832	3.068247287	9314896
100	3	77.50901797	3.464101615	3.464101615	9314963
100	2	77.50901797	3.464101615	3.464101615	9315041
100	5	386.0773622	1.235828761	1.235828761	9315176
100	4	155.0180359	2.335496832	2.335496832	9315338
100	5	2684.2764	1.809068067	1.809068067	9315442
100	5.375	1161.597988	1.477097892	1.369804233	9315461
100	4.636363636	1151.89683	0.982185423	1.369804233	9315524
100	3	151.2032285	2.335496832	2.335496832	9315737
100	6	383.4429691	1.604539016	1.604539016	9315990
100	6	77.50901797	3.464101615	3.464101615	9316318
100	4	312.5963396	1.477097892	1.477097892	9316482
100	5.5	747.3851948	3.464101615	3.464101615	9316725
100	2	75.01529412	3.464101615	3.464101615	9317086
100	2	77.50901797	3.464101615	3.464101615	9317199
100	3	1959.06277	1.044465936	0.960768923	9317207
100	2.8	376.3016723	1.604539016	1.604539016	9317356
100	2	76.04129032	3.464101615	3.464101615	9318168
100	4	74.52184211	3.464101615	3.464101615	9318205
100	2.642857143	1172.397568	0.803517314	0.844231765	9321141
100	5	77.50901797	3.464101615	3.464101615	9321263
100	4	77.50901797	3.464101615	3.464101615	9321339
100	4.857142857	622.2829104	1.146099297	1.167748416	9321451
100	7.5	154.1370949	2.335496832	2.335496832	9321551
100	4	224.9089462	1.809068067	1.809068067	9321747
100	2.25	310.0360719	1.477097892	1.477097892	9321785
100	2.833333333	779.6390618	1.044465936	1.12492424	9321807
100	4	310.9315888	2.335496832	2.335496832	9321836
100	5	77.50901797	3.464101615	3.464101615	9321837
100	6	77.50901797	3.464101615	3.464101615	9321839
100	3.833333333	1209.390584	1.348399725	2.335496832	9321842
100	5.083333333	2944.439719	1.12815215	1.210497388	9321855
100	1.5	155.0180359	2.335496832	2.335496832	9321860
100	2.5	155.0180359	2.335496832	2.335496832	9321881
100	4	232.5270539	1.809068067	1.809068067	9321937
100	5	76.21666667	3.464101615	3.464101615	9321997
100	2.666666667	231.4574109	1.809068067	1.809068067	9322013
100	3.769230769	1154.70418	0.919573772	0.97234487	9322023
100	4	75.58714286	3.464101615	3.464101615	9322030
100	4.428571429	625.9414236	1.543434236	1.477097892	9322047
100	5	226.6375096	1.809068067	1.809068067	9322065
100	2	154.7184659	2.335496832	2.335496832	9322067
100	5	77.50901797	3.464101615	3.464101615	9322077
100	4	236.5366074	1.809068067	1.809068067	9322086
100	4	154.1370949	2.335496832	2.335496832	9322087
100	4.625	700.8250712	0.977008421	1.005037815	9322091
100	2.875	620.0721437	1.167748416	1.167748416	9322458
100	4	558.1	3.464101615	3.464101615	9323736
100	12	155.4657944	3.464101615	3.464101615	9323742
100	3.777777778	851.3070199	1.407052941	1.504313857	9323884
100	3.833333333	845.742223	1.59544807	1.998496805	9323974
100	4	71.80826087	3.464101615	3.464101615	9324005
100	4.285714286	542.4747082	1.359362505	1.359362505	9324030
100	3.333333333	1981.995	1.809068067	1.809068067	9324126
100	6	77.50901797	3.464101615	3.464101615	9324147
100	3	220.35	2.335496832	2.486326242	9324165
100	2.333333333	2004.555	1.809068067	1.809068067	9324224
100	2.75	688.3912379	2.662876094	2.662876094	9324226
100	5	232.8628727	2.335496832	2.486326242	9324405
100	4	1310.93473	1.954016842	2.453723955	9324466
100	2.8	798.6317475	1.235828761	1.33756903	9324536
100	5	155.0180359	3.464101615	3.464101615	9324736
100	2	155.0180359	2.335496832	2.335496832	9326720
100	5	77.50901797	3.464101615	3.464101615	9327565
100	6	309.0283069	2.335496832	2.662876094	9327840
100	3.333333333	1749.026529	1.348399725	1.365150674	9328066
100	2.833333333	8949.633319	1.12815215	1.183816619	9328198
100	2.666666667	1841.34	1.809068067	1.809068067	9328761
100	2.6	698.8143772	1.235828761	1.287076399	9328793
100	2	77.50901797	3.464101615	3.464101615	9328862
100	2	372.4395833	2.335496832	2.390891808	9328871
100	3.8	527.3859433	1.235828761	1.359362505	9329240
100	3.909090909	1157.491967	1.182136003	1.235828761	9329249
100	4.5	155.0180359	2.335496832	2.335496832	9329250
100	2	229.7923297	1.809068067	1.809068067	9329251
100	4.473684211	9573.495764	1.092544732	1.032701664	9329264
100	2	77.50901797	3.464101615	3.464101615	9329271
100	4.2	1555.359444	1.001816532	1.209056732	9329294
100	2	75.74714286	3.464101615	3.464101615	9329394
100	2	76.439375	3.464101615	3.464101615	9329413
100	2	1385.45934	1.146099297	1.082458855	9329429
100	3.583333333	1156.773775	1.044465936	1.235828761	9330736
100	4	306.6610539	1.477097892	1.477097892	9332003
100	2	155.0180359	2.335496832	2.335496832	9332283
97.95918367	6.208333333	5499.290506	0.672372188	0.692970238	9332389
100	3	815.202	3.464101615	3.464101615	9332690
100	3	77.50901797	3.464101615	3.464101615	9332803
100	4.5	892.24925	1.954016842	2	9332813
100	2	152.19	3.464101615	3.464101615	9332872
100	2	229.9853693	1.809068067	1.809068067	9333023
100	2.875	4085.750621	1.167748416	1.045868469	9333026
100	2	77.50901797	3.464101615	3.464101615	9333273
100	2.666666667	2091.745195	2.486326242	2.486326242	9333428
100	5.461538462	1636.551959	1.210497388	1.402356882	9333532
100	5.461538462	1089.260075	1.074923218	1.022928242	9333533
100	4.333333333	232.5396416	1.809068067	1.809068067	9333534
100	3.142857143	1949.252749	0.775314886	0.750854059	9333546
100	3.75	310.0360719	1.477097892	1.477097892	9333585
100	3	888.38	2.335496832	2.335496832	9333586
100	5	9236.663431	1.352849901	1.760741289	9333605
100	2.5	157.8873513	2.335496832	2.335496832	9333615
100	2.5	463.4427682	1.044465936	1.044465936	9333649
100	2	77.50901797	3.464101615	3.464101615	9333654
100	4.5	2082.910847	1.028016625	1.341724438	9333677
100	3	155.6921759	2.335496832	2.335496832	9333729
80	2	524.3244562	1.903107507	2.125906987	9333779
100	1	75.01529412	3.464101615	3.464101615	9333855
100	1	151.399018	2.335496832	2.335496832	9333860
100	5	849.0578352	1.477097892	1.504313857	9333871
100	4.428571429	535.4641249	1.146099297	1.146099297	9333892
100	4	486.05	3.464101615	3.464101615	9333896
100	3.2	453.8221192	1.235828761	1.348399725	9333910
100	5.363636364	1006.029212	0.982185423	1.074923218	9333934
100	5.5	153.989018	2.335496832	2.335496832	9334058
100	5	77.50901797	3.464101615	3.464101615	9335096
100	2	75.74714286	3.464101615	3.464101615	9335614
100	3	77.50901797	3.464101615	3.464101615	9336955
100	4	78.50269231	3.464101615	3.464101615	9337625
100	5.5	306.8648808	1.477097892	1.477097892	9337994
100	3.666666667	232.5270539	1.809068067	1.809068067	9338010
100	5	77.50901797	3.464101615	3.464101615	9339148
100	5	77.50901797	3.464101615	3.464101615	9340374
100	4.166666667	5354.209493	1.044465936	1.221079406	9340425
100	4.769230769	1150.145414	1.074923218	1.137780934	9340427
100	4.181818182	7338.876956	1.270363803	1.49897084	9340504
100	2.25	624.3734411	1.477097892	1.477097892	9340528
100	2	925.2132	3.464101615	3.464101615	9340556
100	5.888888889	692.5575246	1.005037815	1.005037815	9340910
100	5	1851.679667	0.963998407	1.167748416	9341718
100	3	155.6921759	2.335496832	2.335496832	9341877
100	6.111111111	700.7875604	1.005037815	1.005037815	9342015
100	2.5	148.8156846	2.335496832	2.335496832	9342378
100	6	155.4657944	3.464101615	3.464101615	9343080
100	3.2	387.3768844	1.235828761	1.235828761	9343447
100	4	79.69102564	3.464101615	3.464101615	9343693
100	3.8	383.3011487	1.604539016	1.604539016	9343875
100	0.777777778	6410.188771	0.828775414	0.91516724	9344024
100	3	73.72454545	3.464101615	3.464101615	9344139
100	4.666666667	230.7494645	1.809068067	1.809068067	9344205
100	3.428571429	1089.372248	0.95540645	0.95540645	9344433
100	4.65	1541.425099	0.8224133	0.8224133	9344436
100	6	77.50901797	3.464101615	3.464101615	9344470
100	3.333333333	918.3522733	1.809068067	1.858640755	9344505
100	2	67.61166667	3.464101615	3.464101615	9344582
100	3.75	3700.8528	1.477097892	1.477097892	9344614
100	4.428571429	5257.949699	1.146099297	1.466038543	9344617
100	4.5	314.0019024	1.477097892	1.477097892	9344619
100	9	155.4657944	3.464101615	3.464101615	9344620
100	4	4633.07635	1.144484977	1.134430173	9344622
100	2	3196.570354	1.903107507	1.810159676	9344803
100	2	75.84363636	3.464101615	3.464101615	9344808
100	7	799.2	3.464101615	3.464101615	9344862
100	5	76.50285714	3.464101615	3.464101615	9344886
100	2	77.50901797	3.464101615	3.464101615	9345031
100	5	143.867	3.464101615	3.464101615	9345081
100	2	280.9913693	3.464101615	3.464101615	9346390
100	3	309.6313339	1.477097892	1.477097892	9348406
100	3.333333333	377.6204639	1.809068067	2.16080793	9349852
100	2	115.9985714	3.464101615	3.464101615	9350003
100	4.666666667	4576.090926	0.953462589	1.218628175	9351156
100	0.5	151.535627	2.335496832	2.335496832	9351280
100	4.5	155.0180359	2.335496832	2.335496832	9351383
100	2	77.50901797	3.464101615	3.464101615	9351393
100	4	71.30666667	3.464101615	3.464101615	9351408
100	4.777777778	1606.029849	1.005037815	1.171713618	9351551
100	4.666666667	232.5270539	1.809068067	1.809068067	9351664
100	3.076923077	5504.830524	1.547525746	2.027495253	9351904
100	4.166666667	615.0137738	1.59544807	1.60963011	9352079
100	3.5	304.4509816	1.954016842	1.954016842	9352182
100	3.428571429	541.8550898	0.88273483	0.88273483	9352192
100	2	77.50901797	3.464101615	3.464101615	9352254
100	4	156.2693405	3.464101615	3.464101615	9352338
66.66666667	0	232.5270539	1.809068067	1.809068067	9353183
100	3	772.668845	1.287076399	1.235828761	9355151
100	4	1569.78	3.464101615	3.464101615	9355309
100	3	154.305518	2.335496832	2.335496832	9355357
100	4.285714286	1781.39219	1.543434236	1.59544807	9355375
100	5.625	693.1654116	0.977008421	1.154700538	9355430
100	4	616.8291258	1.167748416	1.167748416	9355475
100	5	1525.897246	2.486326242	3.136273804	9355614
100	6	77.50901797	3.464101615	3.464101615	9355673
100	7	77.50901797	3.464101615	3.464101615	9355721
100	6.5	153.2561608	2.335496832	2.335496832	9355804
100	2	77.50901797	3.464101615	3.464101615	9355832
100	3.285714286	1016.227488	1.543434236	1.691035758	9355843
100	6.5	155.0180359	2.335496832	2.335496832	9355847
100	2	77.50901797	3.464101615	3.464101615	9356010
100	6.166666667	452.2651948	1.348399725	1.348399725	9356019
100	4.833333333	463.9429798	1.348399725	1.348399725	9356020
100	6.25	690.6295733	0.977008421	1.005037815	9356021
100	5.666666667	465.5834658	1.044465936	1.044465936	9356022
100	6.130434783	2232.072475	0.816145716	0.941253566	9356023
100	6	462.6443756	1.044465936	1.044465936	9356025
100	6.090909091	2016.253534	0.800075128	0.898268012	9356027
100	6.090909091	848.2940969	1.182136003	1.182136003	9356029
100	3.666666667	229.1862285	1.809068067	1.809068067	9356030
100	5.1875	1451.236078	0.866025404	0.78322889	9356032
100	6.235294118	1550.844488	0.875373465	0.934198733	9356033
100	5.928571429	1074.964885	0.88273483	0.88273483	9356036
100	5.4	1392.36255	1.33756903	1.490711985	9356037
100	6	310.4085254	1.954016842	1.954016842	9356039
100	6.2	383.7302824	1.235828761	1.235828761	9356040
100	6.038461538	3738.527266	0.898268012	0.770612402	9356043
100	6.5	616.7814704	1.167748416	1.167748416	9356044
100	5.8	856.5201628	1.235828761	1.182136003	9356046
100	6.25	307.1080948	1.477097892	1.477097892	9356047
100	6.2	392.2994052	1.604539016	1.604539016	9356049
100	5.8125	1300.32424	0.804815055	0.822000108	9356051
100	6	234.7090616	2.486326242	2.486326242	9356053
100	6	923.5173613	0.861288675	0.953462589	9356054
100	5.833333333	466.1757193	1.044465936	1.044465936	9356057
100	6.333333333	464.5184956	1.044465936	1.044465936	9356059
100	6.0625	1521.937918	0.977008421	1.065150438	9356060
100	6.125	620.0721437	1.167748416	1.167748416	9356062
100	5.923076923	1400.610295	1.000268926	0.963998407	9356063
100	6.153846154	998.5926053	0.831079973	0.831079973	9356065
100	6.1	769.3285173	0.861288675	0.861288675	9356066
100	6.111111111	695.6700648	0.828775414	0.828775414	9356068
96.2962963	5.333333333	2645.251569	0.761002352	0.84910626	9356070
100	6	542.8243182	1.59544807	1.707779863	9356072
100	5.916666667	1928.903036	0.852802865	0.830333996	9356073
100	6.25	1246.626084	0.852802865	0.977008421	9356075
100	5.857142857	1780.570845	0.69453205	0.64701517	9356076
100	5	1076.664626	0.738548946	0.95540645	9356079
100	6.166666667	1001.9227	1.12815215	1.074923218	9356080
100	6.111111111	1855.202645	0.828775414	0.879049073	9356082
100	6.117647059	1530.152891	0.875373465	0.934198733	9356083
100	5.333333333	307.9961168	1.809068067	1.954016842	9356104
100	4.666666667	388.2913539	1.809068067	1.903107507	9356138
100	2.5	227.5693458	2.335496832	2.486326242	9356140
100	6.181818182	1006.752194	0.982185423	1.000268926	9356151
100	3.272727273	2505.771196	1.086769004	0.982185423	9356160
100	6.444444444	689.7816584	0.828775414	0.828775414	9356175
100	2	155.0180359	2.335496832	2.335496832	9356217
100	6.307692308	3357.47455	1.074923218	1.286232946	9356231
100	2	231.0154065	3.464101615	3.464101615	9356238
100	6.2	1302.944517	0.844231765	0.875373465	9356252
100	1	77.983	3.464101615	3.464101615	9356407
100	3	1328.29364	1.359362505	1.426394783	9356448
100	2	77.50901797	3.464101615	3.464101615	9356514
80	4	707.811603	1.235828761	1.407052941	9356550
100	5.857142857	1233.417313	1.202964798	1.210747327	9356640
100	6.1875	1371.897065	0.804815055	0.828775414	9356679
100	6	542.5631258	1.146099297	1.146099297	9356702
100	3.9	927.2266561	1.001816532	0.953462589	9357731
100	2.444444444	689.7287344	1.005037815	1.005037815	9358274
100	3	1203.360436	1.044465936	1.210747327	9358509
100	3.25	5078.679	0.977008421	0.977008421	9358797
100	3.75	464.2982841	1.954016842	2.335496832	9358835
96.875	2.59375	5086.131438	0.665719023	0.669166363	9358860
100	2.5	457.2393381	2.335496832	2.486326242	9359700
100	3.5	386.8450817	2.335496832	2.390891808	9360166
100	5.5	309.0070539	1.477097892	1.477097892	9360238
100	5.166666667	463.1322327	1.59544807	1.59544807	9360332
100	6.333333333	227.2445188	1.809068067	1.809068067	9360388
100	3.818181818	3396.061993	1.182136003	2.662295208	9360498
100	3.857142857	698.7184673	1.146099297	1.154700538	9360515
100	2	131.495	3.464101615	3.464101615	9360519
100	3.5	784.6577857	1.348399725	1.520765358	9360531
100	4.571428571	681.2943121	1.359362505	1.407052941	9360532
100	3.4	465.1773933	1.604539016	1.59544807	9360539
100	3	766.2750366	1.543434236	1.760165281	9362371
100	5.583333333	5978.868638	1.53741223	1.548234976	9362380
100	6	7050.901252	2	2.461915003	9362437
100	4.666666667	2492.27101	0.910544293	1.064670243	9362438
100	3.529411765	2288.164462	0.764911531	0.87260025	9362439
100	5.6	1699.906805	1.235828761	1.312255129	9362461
100	5.5	1585.661	2.335496832	2.390891808	9362478
100	4	74.134	3.464101615	3.464101615	9363158
100	3	309.7434185	1.809068067	1.954016842	9363364
100	4.153846154	6319.361969	1.074923218	1.053709177	9363410
100	3.4	391.2481693	1.604539016	1.604539016	9363545
100	2	76.04129032	3.464101615	3.464101615	9364207
100	2	156.4983513	2.335496832	2.335496832	9365124
100	4.666666667	1468.747126	2.486326242	2.338672221	9365452
100	2	77.50901797	3.464101615	3.464101615	9365466
100	3.416666667	1056.693228	0.953462589	0.88273483	9365520
100	2	152.9594346	2.335496832	2.335496832	9365524
100	3.666666667	313.0551725	1.809068067	1.954016842	9365545
100	3.333333333	2501.060743	1.282043823	1.61231176	9365546
100	3.5	155.7881089	2.335496832	2.335496832	9365573
100	4	155.4657944	3.464101615	3.464101615	9365662
100	4.333333333	639.0291071	1.809068067	2.246208927	9365673
100	3.285714286	1031.534892	1.543434236	2.099719493	9365681
100	2	77.50901797	3.464101615	3.464101615	9365727
100	3.75	849.0578352	1.477097892	1.504313857	9366811
100	4.25	1026.707385	1.167748416	1.272880956	9366838
100	2	1234.96	3.464101615	3.464101615	9367224
100	5.25	1078.043458	1.477097892	1.668212023	9368138
100	3.25	2232.615	1.477097892	1.543434236	9368954
100	2	77.50901797	3.464101615	3.464101615	9369017
100	4.666666667	229.2840359	1.809068067	1.809068067	9369018
100	3.5	230.1756698	2.335496832	2.486326242	9369050
100	4.666666667	687.4170341	1.044465936	1.287076399	9369373
100	3	225.1080359	1.809068067	1.809068067	9369469
100	3.75	870.6707183	1.954016842	1.943607681	9369588
100	3.428571429	3029.492452	1.359362505	1.407638847	9369887
100	4.25	308.2584825	1.477097892	1.477097892	9369896
100	2	381.48	3.464101615	3.464101615	9369897
100	2.333333333	4068.645196	1.809068067	2.118038088	9369898
100	2	987.5319498	0.861288675	0.919573772	9369942
100	2	299.9430681	1.477097892	1.477097892	9369949
100	1	76.7965	3.464101615	3.464101615	9369973
100	4	78.76032258	3.464101615	3.464101615	9370033
100	4	75.58714286	3.464101615	3.464101615	9370037
100	2.75	471.7721585	1.477097892	1.59544807	9370160
100	4.5	7297.7292	0.977008421	0.977008421	9370169
100	5	759.72	3.464101615	3.464101615	9370182
100	6	77.50901797	3.464101615	3.464101615	9370186
100	2	155.4657944	3.464101615	3.464101615	9370255
100	5	78.98933333	3.464101615	3.464101615	9370263
100	4.8	463.3292316	1.903107507	1.809068067	9370287
100	3	1395.082266	0.828775414	0.828775414	9370309
100	2.5	312.2180795	2.662876094	2.662876094	9371211
100	4.666666667	691.5333097	0.828775414	0.828775414	9371408
100	2.857142857	1635.079709	0.803517314	0.848440674	9371599
100	4.285714286	2000.403293	1.022928242	1.801917573	9371939
100	4	155.0180359	2.335496832	2.335496832	9374055
100	4.714285714	539.7371945	1.146099297	1.146099297	9374076
100	3.25	1970.665747	1.477097892	1.604539016	9374098
100	4.5	307.4352502	1.477097892	1.477097892	9374214
100	4.222222222	1056.997793	1.979694906	2.218157486	9374335
100	2	155.155268	2.335496832	2.335496832	9374369
100	5	387.8249389	2.662876094	2.794800367	9374483
75	4.75	314.0456253	1.477097892	1.477097892	9374511
100	4	155.4657944	3.464101615	3.464101615	9374540
100	3	232.8628727	2.335496832	2.486326242	9374588
100	2.571428571	547.1261822	1.146099297	1.146099297	9374631
100	3	155.0180359	2.335496832	2.335496832	9374668
100	2.714285714	528.2569369	1.146099297	1.146099297	9374762
100	2	155.4657944	3.464101615	3.464101615	9374999
100	4.454545455	4882.134277	0.745635938	0.727015003	9375020
100	4.333333333	315.6223515	1.809068067	1.954016842	9375264
100	3	77.50901797	3.464101615	3.464101615	9375265
100	3.615384615	1170.808255	0.731964426	0.692820323	9375286
100	2	153.9303008	2.335496832	2.335496832	9375289
100	5.25	310.0360719	1.954016842	1.954016842	9375295
100	5	702.8630254	0.828775414	0.828775414	9375296
85.71428571	4	536.1447262	1.146099297	1.146099297	9375297
100	4.5	155.0180359	2.335496832	2.335496832	9375309
100	4.25	303.4180359	1.477097892	1.477097892	9375345
100	6	75.05034483	3.464101615	3.464101615	9375374
100	4.333333333	232.5270539	1.809068067	1.809068067	9375424
100	3.555555556	2118.160945	1.287076399	1.242019982	9375452
100	6	138.8825	3.464101615	3.464101615	9375494
100	2.666666667	228.8130359	1.809068067	1.809068067	9376264
97.22222222	4.371428571	8338.847854	0.724743075	0.708263981	9376299
100	5.2	2083.164988	1.12492424	1.355042128	9377805
100	2.375	699.6147587	1.331438047	1.287076399	9378194
100	1.076923077	3146.200264	0.919573772	0.868760929	9378984
100	6	459.2148856	1.348399725	1.348399725	9379243
100	5	77.50901797	3.464101615	3.464101615	9379402
100	6	77.50901797	3.464101615	3.464101615	9379463
100	4	155.0180359	2.335496832	2.335496832	9379472
100	4	155.0180359	2.335496832	2.335496832	9379475
100	4.888888889	4560.703496	0.963998407	1.115184453	9380041
100	5	152.9594346	3.464101615	3.464101615	9380043
100	2.625	1234.915539	1.123104464	1.123104464	9380050
100	2	77.50901797	3.464101615	3.464101615	9380479
100	5	77.50901797	3.464101615	3.464101615	9380485
100	4	73.72454545	3.464101615	3.464101615	9380524
100	4.384615385	1246.991631	0.831079973	0.923186182	9380581
100	6	77.50901797	3.464101615	3.464101615	9380586
100	6.25	307.9108931	1.954016842	1.954016842	9380591
100	3.625	1691.858674	0.804815055	0.895770176	9380647
100	6.333333333	236.5688513	1.809068067	1.809068067	9380648
100	6	151.4011688	2.335496832	2.335496832	9380649
100	3	311.9036164	1.477097892	1.477097892	9380673
100	3	225.8619645	2.335496832	2.486326242	9380694
100	3.5	306.5070539	1.954016842	1.954016842	9380747
100	4	191.66	3.464101615	3.464101615	9380754
100	3.5	1079.380189	1.331438047	1.407638847	9380761
100	2.666666667	458.7774318	1.348399725	1.348399725	9380807
100	2	77.50901797	3.464101615	3.464101615	9380827
100	5.714285714	540.9664344	1.146099297	1.146099297	9380853
100	6	154.7297883	2.335496832	2.335496832	9380857
100	5	77.50901797	3.464101615	3.464101615	9380859
100	6.076923077	1084.081992	0.831079973	0.803517314	9380877
100	6	854.0288053	1.12492424	1.182136003	9380888
100	6.5	156.966518	2.335496832	2.335496832	9380889
100	6	152.6083037	2.335496832	2.335496832	9380908
100	6	77.50901797	3.464101615	3.464101615	9380909
100	11	77.50901797	3.464101615	3.464101615	9380913
100	6	75.62071429	3.464101615	3.464101615	9380915
100	5	77.50901797	3.464101615	3.464101615	9380916
100	3	80.37833333	3.464101615	3.464101615	9380917
100	4.5	155.0180359	2.335496832	2.335496832	9380920
100	6.25	305.0921259	1.477097892	1.477097892	9380921
100	5.444444444	663.5954052	1.620574783	1.620574783	9380922
100	5.8	387.5450898	1.235828761	1.235828761	9380924
100	6	537.7741078	1.359362505	1.359362505	9380925
100	6	231.4473483	1.809068067	1.809068067	9380926
100	4.333333333	232.5270539	1.809068067	1.809068067	9380928
100	5.4	2086.390904	0.738548946	0.828775414	9380930
100	6	75.09928571	3.464101615	3.464101615	9380953
100	4.666666667	690.9044956	1.005037815	1.005037815	9380957
100	4	235.3480359	1.809068067	1.809068067	9380959
100	4	75.404375	3.464101615	3.464101615	9380960
100	4	155.4657944	3.464101615	3.464101615	9380964
100	4.5	231.1843458	2.335496832	2.486326242	9380969
100	6	74.134	3.464101615	3.464101615	9380971
100	6	236.2430359	1.809068067	1.809068067	9380989
100	7	77.50901797	3.464101615	3.464101615	9380991
100	2	308.2741968	1.477097892	1.477097892	9380995
100	5.5	308.3075084	1.954016842	1.954016842	9380999
100	6	151.424659	2.335496832	2.335496832	9381000
100	6	77.50901797	3.464101615	3.464101615	9381001
100	3.6	459.2743098	1.903107507	2	9381015
100	6	77.50901797	3.464101615	3.464101615	9381016
100	4	153.5788889	3.464101615	3.464101615	9381019
100	4	75.01529412	3.464101615	3.464101615	9382043
100	6	77.50901797	3.464101615	3.464101615	9382060
100	6	71.61947368	3.464101615	3.464101615	9382078
100	6	158.9838665	2.335496832	2.335496832	9382094
100	6	77.50901797	3.464101615	3.464101615	9382108
85.71428571	5	530.2964993	0.88273483	0.88273483	9383341
100	5	77.50901797	3.464101615	3.464101615	9383775
100	1.5	230.1849708	2.335496832	2.486326242	9384431
100	2.5	236.4497143	2.335496832	2.486326242	9384597
100	5.75	314.2395177	1.477097892	1.477097892	9384610
100	4.692307692	1445.807341	1.000268926	0.870918549	9384612
100	4	151.643018	2.335496832	2.335496832	9387592
100	4.2	667.8579409	1.235828761	1.517573821	9387916
100	3.166666667	856.5874936	1.348399725	1.352849901	9388109
100	3	234.3195044	2.486326242	2.486326242	9388253
100	2	232.5270539	1.809068067	1.809068067	9388600
100	5	77.50901797	3.464101615	3.464101615	9388627
100	4.607142857	7998.38597	0.901452137	0.845192637	9388793
100	2	155.4657944	3.464101615	3.464101615	9388907
100	2	74.96733333	3.464101615	3.464101615	9388911
100	2	130.29	3.464101615	3.464101615	9389048
100	4.333333333	464.4941013	1.809068067	2	9389730
100	4.2	772.9408311	1.235828761	1.235828761	9390010
100	4.5	155.0180359	2.335496832	2.335496832	9390013
100	3	4420.433145	0.919573772	1.08544084	9390129
100	5.5	152.2377419	2.335496832	2.335496832	9390137
100	3.473684211	1542.967417	0.78322889	0.8224133	9390208
100	3.666666667	232.5270539	1.809068067	1.809068067	9390210
100	3.777777778	2407.035598	0.911332814	0.940375521	9390211
100	4.333333333	465.0541078	1.044465936	1.044465936	9390212
75	5	310.0360719	1.477097892	1.477097892	9390214
100	3.454545455	3127.776302	2.051918162	2.125906987	9390282
100	3.5	155.0180359	2.335496832	2.335496832	9390302
100	4.285714286	838.577615	1.146099297	1.182136003	9390631
100	5	77.50901797	3.464101615	3.464101615	9390740
100	3.666666667	458.6038138	1.59544807	1.59544807	9390807
100	3	231.4980359	1.809068067	1.809068067	9390890
100	2	77.50901797	3.464101615	3.464101615	9390915
100	3.2	1075.232521	1.604539016	1.746451478	9390964
100	4.916666667	3016.578024	0.797724035	0.831079973	9391301
100	5.333333333	695.8631297	1.005037815	1.005037815	9392256
100	5.5	149.4872258	2.335496832	2.335496832	9392537
90.90909091	14.5	11399.15258	1.182136003	1.250571273	9392829
100	5	77.50901797	3.464101615	3.464101615	9392830
100	5	77.50901797	3.464101615	3.464101615	9393028
100	0.666666667	464.4941013	2.486326242	2.486326242	9393062
90	3.5	4987.602623	1.12492424	1.34722227	9393063
100	3	77.50901797	3.464101615	3.464101615	9393100
100	5	77.50901797	3.464101615	3.464101615	9393139
100	4	80.8508	3.464101615	3.464101615	9393177
100	4.8	848.4683174	1.12492424	1.086769004	9393195
100	4	159.3820513	3.464101615	3.464101615	9393209
100	6	153.899018	2.335496832	2.335496832	9393287
100	4.8	384.726338	1.604539016	1.604539016	9393288
66.66666667	4.666666667	232.8543121	1.809068067	1.809068067	9393289
100	2.333333333	638.1250592	1.809068067	1.954016842	9393290
100	5.222222222	2308.229823	1.005037815	0.957268842	9393291
100	5.333333333	228.9983037	1.809068067	1.809068067	9393292
100	4.222222222	1077.056293	1.517573821	1.359362505	9393356
100	4.666666667	230.4989965	1.809068067	1.809068067	9393762
100	3.5	229.258252	2.335496832	2.486326242	9393908
100	5	147.8147059	3.464101615	3.464101615	9394254
100	2	367.8733333	3.464101615	3.464101615	9395016
100	3.75	2250.239765	0.866025404	0.907576297	9397792
100	2	155.0180359	3.464101615	3.464101615	9397997
100	3	232.8628727	2.335496832	2.486326242	9398024
100	2.333333333	298.9561905	1.809068067	1.954016842	9398831
100	2	125.8483333	3.464101615	3.464101615	9431004
100	2	1913.71	3.464101615	3.464101615	9435000
85.71428571	3.142857143	814.5075	1.146099297	1.314963123	9440001
100	3	957.1466667	1.59544807	1.584622174	9440002
100	2.866666667	4011.603303	1.187816943	1.232498428	9440018
100	4	811.1125	1.348399725	1.369804233	9440038
100	5.333333333	357.7	1.809068067	1.85764229	9440039
100	4.888888889	1890.152296	1.154700538	1.210747327	9464070
100	3.333333333	513.6666667	1.809068067	1.954016842	9471600
100	9.5	502.0293333	2.335496832	2.421494655	9482347
100	2.5	454.8528942	1.477097892	1.477097892	9483117
100	8	65.89	3.464101615	3.464101615	9483548
100	4	1053.45	3.464101615	3.464101615	9485080
100	2.666666667	364.0342381	1.809068067	1.809068067	9500017
100	2	240.1941667	2.335496832	2.335496832	9500059
100	2	145.8066667	3.464101615	3.464101615	9500226
100	6	549.15	3.464101615	3.464101615	9500328
100	4	161.06	3.464101615	3.464101615	9500336
100	2	136.46	3.464101615	3.464101615	9500424
100	2	238.0233333	2.335496832	2.335496832	9500638
100	2	495.66	3.464101615	3.464101615	9500704
100	2.666666667	2712.606476	1.809068067	1.835600271	9500856
100	2	118.528	3.464101615	3.464101615	9500858
100	4	108.395	3.464101615	3.464101615	9500938
100	4.5	929.97	2.335496832	2.335496832	9500944
100	4.5	220.3416667	2.335496832	2.335496832	9500971
100	14.35294118	2632.57933	0.635531744	0.768706115	9501008
100	2	262.3725	3.464101615	3.464101615	9501357
100	5	1014.29	3.464101615	3.464101615	9501606
100	2.5	2328.940438	1.954016842	1.893939226	9501729
100	3	613.12125	1.477097892	1.604539016	9501841
100	4	510.68	3.464101615	3.464101615	9501920
100	4	698.99	3.464101615	3.464101615	9501945
100	2	510.33	3.464101615	3.464101615	9502001
100	2	287.535	3.464101615	3.464101615	9502015
100	3.333333333	603.7027778	1.809068067	1.903107507	9502136
100	2	230.125641	2.335496832	2.335496832	9502146
100	5	122.4733333	3.464101615	3.464101615	9502213
100	2.666666667	7724.598519	1.287076399	1.394276712	9502268
100	2	120.2233333	3.464101615	3.464101615	9502324
100	2	1802.39	3.464101615	3.464101615	9502563
100	2	977.08	3.464101615	3.464101615	9502571
100	2	133.78	3.464101615	3.464101615	9502616
100	3	809.2216323	1.146099297	1.146099297	9502815
100	2	113.2925	3.464101615	3.464101615	9502894
100	3	242.5562275	2.335496832	2.335496832	9502903
100	4	119.9766667	3.464101615	3.464101615	9502910
100	2	507.0366667	2.335496832	2.335496832	9502951
100	3	352.93575	2.335496832	2.486326242	9502957
100	7	408.5	3.464101615	3.464101615	9502962
100	4	119.105	3.464101615	3.464101615	9502981
100	4	584.43125	1.954016842	1.903107507	9503246
100	2	1861.11	3.464101615	3.464101615	9503300
100	2	225.4195609	2.335496832	2.335496832	9503312
100	37	302.59	3.464101615	3.464101615	9503399
100	16.3	1131.897071	0.861288675	0.861288675	9503444
100	5	434.7	3.464101615	3.464101615	9503449
100	5	417.88	3.464101615	3.464101615	9503468
100	4	109.845	3.464101615	3.464101615	9503543
100	2.6	915.1104667	1.903107507	2.125906987	9503548
100	18	510.69	3.464101615	3.464101615	9503635
100	2	115.405	3.464101615	3.464101615	9503681
100	4	118.96	3.464101615	3.464101615	9503708
100	2	135.72	3.464101615	3.464101615	9503891
100	24.5	731.05375	2.335496832	2.580072053	9503968
100	3	257.02	2.335496832	2.335496832	9503990
100	2	131.476	3.464101615	3.464101615	9504029
100	22	120.1	3.464101615	3.464101615	9504073
100	3.111111111	2224.805128	0.603022689	0.692820323	9504121
100	2	105.75	3.464101615	3.464101615	9504169
100	2	120.6585714	3.464101615	3.464101615	9504213
100	2	121.17	3.464101615	3.464101615	9504243
100	2.666666667	498.6766667	1.809068067	1.954016842	9504330
100	4	121.445	3.464101615	3.464101615	9504428
100	2	233.3555	2.335496832	2.335496832	9504437
100	4.444444444	1030.114712	1.287076399	1.287076399	9504482
100	12.72727273	1661.689886	0.865048867	0.844231765	9504483
100	2	419.53	3.464101615	3.464101615	9504656
100	6	349.68125	2.335496832	2.486326242	9504691
100	3	539.875	2.335496832	2.335496832	9504708
100	2.25	3935.432381	1.477097892	1.477097892	9504775
100	2.666666667	400.8357143	1.809068067	1.809068067	9504832
100	2	374.3445714	1.809068067	1.809068067	9504891
100	2	390.50325	2.335496832	2.486326242	9505003
100	4	604.375	3.464101615	3.464101615	9505033
100	4.714285714	790.897	0.88273483	0.88273483	9505143
100	13	3018.549173	0.831079973	0.93082877	9505312
100	2	143.7733333	3.464101615	3.464101615	9505372
100	3	118.36125	3.464101615	3.464101615	9505381
100	9.4	1259.319113	1.833030278	1.768749511	9505400
100	2	388.63625	3.464101615	3.464101615	9505425
100	3.882352941	2250.29066	0.559737502	0.590839157	9505550
100	2	227.0966667	2.335496832	2.335496832	9505555
100	7	136.46	3.464101615	3.464101615	9505582
100	2	124.7925	3.464101615	3.464101615	9505721
100	2	110.936	3.464101615	3.464101615	9505760
100	4	128.06	3.464101615	3.464101615	9505776
100	2	131.476	3.464101615	3.464101615	9505793
100	3	114.8275	3.464101615	3.464101615	9505797
100	2.4	1653.839143	1.604539016	2.088931871	9505824
100	2	109.7	3.464101615	3.464101615	9505866
100	6	289.8	3.464101615	3.464101615	9505924
100	2	133.13	3.464101615	3.464101615	9505938
100	10	124.7925	3.464101615	3.464101615	9506500
100	2	724.51	3.464101615	3.464101615	9510049
100	2	416.3565	2.335496832	2.486326242	9510114
100	4	107.042	3.464101615	3.464101615	9510320
100	2	7580.855824	0.47192324	0.672516931	9510511
100	3	113.5576923	3.464101615	3.464101615	9510601
100	4.75	11565.18847	0.522232968	0.640095303	9510692
97.22222222	2.5	6135.00825	0.426401433	0.540191594	9520050
100	2.8	3267.541194	0.520139841	0.54263676	9520051
100	3.333333333	2160.29611	0.772245839	0.78322889	9520052
100	2.703703704	3605.077418	0.469017647	0.461593091	9520053
100	5.166666667	2177.549537	0.724743075	0.684394528	9520054
100	4	557.18	3.464101615	3.464101615	9520074
100	12.63636364	4062.012545	0.729335916	1.044465936	9520126
100	2.666666667	342.0275	1.809068067	1.809068067	9520255
100	2	106.276	3.464101615	3.464101615	9520256
100	2	113.2925	3.464101615	3.464101615	9520257
100	3	890.0616667	1.167748416	1.167748416	9520258
100	4.833333333	674.2290256	1.59544807	1.59544807	9520323
88.88888889	15.33333333	1203.285111	1.005037815	1.182136003	9520324
100	7.785714286	2210.447927	0.715583237	0.692820323	9520325
100	3.285714286	942.4832381	1.146099297	1.331438047	9520338
100	2	234.31	2.335496832	2.335496832	9520356
100	2	121.2825	3.464101615	3.464101615	9520540
100	3	245.63	2.335496832	2.335496832	9520561
100	2	118.96	3.464101615	3.464101615	9520576
100	2	1091.430222	2.486326242	3.022641831	9520581
100	3.333333333	354.84125	1.809068067	1.809068067	9520628
100	9.151515152	4148.270554	0.383741711	0.425309893	9520659
100	8.066666667	4331.777857	0.626679561	0.484298931	9520660
100	13.70588235	2922.291922	0.635531744	0.550807515	9520661
92.5	6.358974359	7521.111124	0.547722558	0.52054336	9520662
100	6.576923077	3758.870893	0.731964426	0.777211104	9520663
100	9.785714286	1803.666054	1.08626097	1.123104464	9520664
100	3.672727273	9073.96348	0.410383632	0.83357647	9520665
100	9.884615385	4443.651502	0.385314051	0.467099366	9520666
100	8.045454545	14234.42387	0.5113292	0.816018492	9520667
100	9.80952381	3901.515694	0.603022689	0.677220117	9520668
100	12.57142857	2357.4575	0.494871659	0.494871659	9520669
86.66666667	5.866666667	2912.553036	1.08544084	1.317849488	9520670
100	13.26315789	2919.463482	0.78322889	0.757959379	9520671
100	2	122.256	3.464101615	3.464101615	9520698
100	2.857142857	1453.279429	1.359362505	1.53741223	9520705
100	2.4	1274.878367	1.604539016	1.943607681	9520759
100	4	114.425	3.464101615	3.464101615	9520801
100	15.14285714	1553.767403	0.803517314	0.803517314	9520838
100	4.2	5631.871375	0.861288675	0.974113575	9520858
100	2	149.81	3.464101615	3.464101615	9520876
100	4	135.195	3.464101615	3.464101615	9521100
100	2	115.3133333	3.464101615	3.464101615	9556033
100	2	131.6	3.464101615	3.464101615	9565024
100	3	242.2326667	2.335496832	2.335496832	9606065
100	2.545454545	4190.281818	1.182136003	1.205804145	9620104
100	2	85.24	3.464101615	3.464101615	9620117
100	3.285714286	670.8825	1.146099297	1.154700538	9620147
100	2.583333333	7392.918646	1.044465936	1.0973578	9620343
100	2	170.48	3.464101615	3.464101615	9620496
100	3.5	632.1835064	1.331438047	1.331438047	9620500
100	4.272727273	4033.470822	0.895770176	1.112300215	9620504
100	4.571428571	1668.314	1.08626097	1.11989928	9620511
100	4	167.6533333	3.464101615	3.464101615	9620512
100	2.25	1231.467188	0.977008421	1.137780934	9620586
100	2.857142857	991.08	1.359362505	1.348399725	9620639
100	2	87.96	3.464101615	3.464101615	9620758
100	2.5	338.84	1.477097892	1.477097892	9620975
100	2.666666667	509.8633333	1.809068067	2	9621062
100	5.5625	1301.831617	0.923186182	0.875373465	9621260
100	2	85.61	3.464101615	3.464101615	9621288
100	4.625	627.9033333	1.477097892	1.477097892	9621305
100	5.222222222	1781.669929	0.828775414	0.953462589	9621307
100	5.2	454.811	1.604539016	1.809068067	9621308
100	4.863636364	3063.404091	0.865048867	0.880082641	9621314
100	4	70.73666667	3.464101615	3.464101615	9621317
100	5.777777778	675.6389466	1.154700538	1.154700538	9621318
100	5.047619048	2922.474186	0.775314886	0.708057066	9621321
100	5.25	729.8965999	1.331438047	1.520765358	9621322
100	4	596.183558	1.359362505	1.331438047	9621329
100	3.5	459.18	1.044465936	1.044465936	9621347
100	4	1058.3	1.809068067	2.341716542	9621445
100	3.75	1074.12825	1.477097892	1.644591115	9621474
100	4.214285714	2259.667453	1.022928242	1.257260915	9621500
100	2.333333333	561.1491667	1.809068067	1.85764229	9621531
100	2.5	164.7622799	2.335496832	2.335496832	9621798
100	2	340.96	3.464101615	3.464101615	9621839
100	5.5	731.7744444	2.335496832	3.105420481	9621864
100	2	156.2522799	2.335496832	2.335496832	9621932
100	5	86.86	3.464101615	3.464101615	9622089
100	4.5	168.3166667	2.335496832	2.335496832	9622124
100	2.8	3281.148	1.604539016	1.547525746	9622271
100	2	98.68	3.464101615	3.464101615	9622335
100	4	1200.15	3.464101615	3.464101615	9622344
100	4	106.68	3.464101615	3.464101615	9622387
100	2	150.0572799	2.335496832	2.335496832	9622434
100	2.5	167.66	2.335496832	2.335496832	9622449
100	3.7	901.0748412	0.861288675	0.982185423	9622591
100	5	94.89333333	3.464101615	3.464101615	9622660
100	4	57	3.464101615	3.464101615	9622717
100	2	98.68	3.464101615	3.464101615	9622744
100	3	226.18	3.464101615	3.464101615	9622760
100	5	981	3.464101615	3.464101615	9622944
100	4	906.78	3.464101615	3.464101615	9623147
100	3.125	3740.670822	1.167748416	1.655390913	9623239
100	2	76.94	3.464101615	3.464101615	9623264
100	5	76.615	3.464101615	3.464101615	9623321
100	2	2634.262889	1.809068067	1.956194182	9623322
100	3.285714286	572.5466667	1.359362505	1.359362505	9623324
100	3	1395.132524	0.88273483	0.925674473	9623325
100	4	329.1933333	1.954016842	1.954016842	9623326
100	2.6	690.2106667	1.604539016	1.60963011	9623403
100	2.666666667	248.175	1.809068067	1.809068067	9623404
100	2.8	416.3216667	1.604539016	1.604539016	9623407
100	3	157.775	2.335496832	2.335496832	9623408
100	2	85.1	3.464101615	3.464101615	9623762
100	2.625	1416.58875	0.923186182	0.973379555	9624104
100	3.5	640.08	2.335496832	2.335496832	9624166
100	2	181.36	3.464101615	3.464101615	9624187
100	3.6	1237.67168	1.235828761	1.359362505	9624210
100	2	248.6	2.335496832	2.486326242	9624317
100	3	2562.003333	0.88273483	0.88273483	9624385
100	3.25	1269.478	1.477097892	1.543434236	9624549
100	3	424.5322917	2.335496832	2.390891808	9624584
100	2	320.04	3.464101615	3.464101615	9624615
100	2.25	707.27625	1.954016842	2.136739705	9624682
100	3.5	1234.8	2.335496832	2.335496832	9624702
100	2	94.43333333	3.464101615	3.464101615	9624716
100	3.5	172.0233333	3.464101615	3.464101615	9624759
100	4	272.03	3.464101615	3.464101615	9624963
100	3.222222222	1342.619167	1.287076399	1.463357148	9625013
100	2	75.29	3.464101615	3.464101615	9625151
100	3.142857143	657.6982857	1.359362505	1.331438047	9625218
100	5	1360.17	3.464101615	3.464101615	9625298
100	2.8	401.07	1.604539016	1.604539016	9625379
100	3.5	628.8092222	1.044465936	1.146099297	9625418
100	3.5	1113	1.954016842	2.431610017	9625447
100	4	79.66	3.464101615	3.464101615	9625452
100	2	240.6975	3.464101615	3.464101615	9625482
100	2	640.08	3.464101615	3.464101615	9625491
100	3	45.34	3.464101615	3.464101615	9625880
100	3.333333333	768.9991667	2.486326242	3.105420481	9626000
100	5	144.02	3.464101615	3.464101615	9626199
100	2	281.17125	2.335496832	2.486326242	9626242
100	2	1710	3.464101615	3.464101615	9626251
100	3	1539.049086	1.348399725	1.825403099	9627171
100	3	898.1735031	1.954016842	2.103983557	9627205
100	4	86.86	3.464101615	3.464101615	9627234
100	5.5	588.2825	1.477097892	1.477097892	9627243
100	2	72.01	3.464101615	3.464101615	9627350
100	2	1132.69875	1.954016842	2.220565039	9629081
100	3	490.5083333	1.954016842	1.954016842	9631161
100	2.4	588.1484913	1.604539016	1.604539016	9643084
100	2	110.6414286	3.464101615	3.464101615	9652059
100	2	108.136	3.464101615	3.464101615	9652083
100	2.666666667	627.0319444	1.809068067	1.903107507	9652105
100	3.333333333	580.7645833	1.809068067	1.903107507	9696025
100	21	975.84	3.464101615	3.464101615	9700065
100	2.8	1123.806	1.604539016	1.604539016	9704024
100	2	115.1275	3.464101615	3.464101615	9709022
100	2	946.2666667	3.464101615	3.464101615	9713050
100	13.3125	3259.513855	0.665719023	0.957648184	9722278
100	4	117.92	3.464101615	3.464101615	9722391
100	2	119.8133333	3.464101615	3.464101615	9723060
100	2.8	853.8943	1.235828761	1.359362505	9731080
100	2.95	5222.093945	0.467099366	0.940430361	9777802
100	2	139.41	3.464101615	3.464101615	9781282
100	2.727272727	11133.90091	1.086769004	1.09307145	9786055
100	1.666666667	9474.31	1.287076399	1.287076399	9800000
100	2	145.8066667	3.464101615	3.464101615	9815237
100	5	112.2	3.464101615	3.464101615	9864040
100	4	247	2.335496832	2.335496832	9875017
100	4.25	5086.471	1.477097892	1.486275668	9878278
100	4	515.19	3.464101615	3.464101615	9878311
100	2	526.63	3.464101615	3.464101615	9881074
100	7	131.6	3.464101615	3.464101615	9890219
100	3.333333333	335.3258333	1.809068067	1.809068067	9892019
100	3.8	1069.6944	1.235828761	1.331438047	9900116
100	3.25	555.6966667	1.477097892	1.477097892	9900384
100	2.888888889	1039.190405	1.005037815	1.005037815	9900495
100	2	466.7142857	2.335496832	2.662876094	9928003
100	2	130.29	3.464101615	3.464101615	9950030
100	2	114.8275	3.464101615	3.464101615	9995020
